double wolf1_l0_dense_weights[20][30] = {
    {
        -0.3134219, 0.32357046, 0.33030444, -0.31991556, -0.27142164, -0.32226512, -0.22134489, -0.060602546, -0.18802802, 0.022105487, 0.1732573, -0.0067962436, -0.30161074, 0.2697184, 0.06332294, -0.034785546, 0.09254272, -0.014403105, 0.2186089, -0.19373989, 0.016430764, -0.0015355613, 0.32296792, 0.12556204, -0.32294697, -0.3145116, -0.23991357, 0.09408316, 0.0073842937, -0.024269449
    },
    {
        0.2178832, 0.25309, -0.13389978, -0.045601517, 0.3185549, 0.18111384, 0.096454784, 0.13699044, 0.0799307, 0.058609206, -0.31124792, -0.3299822, -0.26833, -0.1822866, -0.13390887, 0.18668814, -0.33495942, 0.033278275, 0.25010154, -0.21219574, 0.01994945, -0.29650956, 0.2465298, -0.029725727, -0.11892449, -0.2579628, 0.012809775, -0.053639796, -0.056818325, 0.19738853
    },
    {
        0.187375, -0.22516623, 0.0749027, -0.007987021, 0.16249259, -0.26594493, 0.28145245, 0.25310186, -0.19179423, -0.20503977, 0.15171489, 0.33951527, 0.31679833, -0.031665403, 0.32584375, -0.30189267, -0.33457592, -0.29022834, -0.32325426, -0.02875024, 0.041367356, -0.052847024, -0.14477842, -0.15747301, 0.19390914, 0.30222636, -0.0023879404, 0.23052698, 0.0781643, 0.15992099
    },
    {
        -0.037448, 0.18050168, -0.09350082, -0.028185928, 0.21540602, 0.16043034, -0.027941288, 0.04131767, -0.048385218, 0.07135847, 0.1507655, -0.23613454, 0.13080278, -0.25643864, 0.30932114, -0.24115004, 0.076642945, -0.046814382, 0.028446367, 0.060037516, 0.030857114, 0.14989722, -0.3304589, 9.6174306e-05, -0.18429592, -0.06013344, 9.945792e-05, -0.16199102, -0.33632407, 0.10837744
    },
    {
        0.22684929, -0.11716728, -0.2624772, 0.065760285, -0.1664971, -0.17159939, -0.017682446, 0.24958728, 0.11198527, 0.090778336, 0.09415514, 0.18408042, 0.051411532, -0.056484327, -0.00622831, -0.2057549, -0.1927543, 0.24449982, -0.3258186, 0.070556134, 0.30133054, 0.30837864, 0.26209274, -0.28268766, 0.25743866, -0.11850468, -0.00234256, 0.052355293, -0.056180377, -0.20650506
    },
    {
        -0.18767247, -0.12191186, -0.3299804, 0.22685039, 0.30319846, 0.27008626, -0.050502192, -0.2770852, 0.026152823, -0.17020148, -0.30260262, -0.048183557, 0.29786783, -0.05919077, -0.09494625, -0.006933832, -0.0016897267, -0.29329088, -0.19014965, 0.0342246, 0.3232824, 0.09700391, 0.25139, -0.2267203, -0.3345, -0.3113116, 0.12127352, -0.10326086, -0.1581532, -0.26002473
    },
    {
        -0.2658221, -0.0045993505, -0.013776515, 0.14656079, 0.23400743, -0.14693631, -0.017522724, -0.26696876, -0.06085731, -0.22339305, 0.10796111, 0.0006039414, -0.1278224, -0.27933952, 0.12748957, -0.2304135, 0.04369517, -0.29981652, -0.1918887, -0.2964604, 0.18472314, -0.017740991, 0.0013733475, 0.2261048, -0.14654483, 0.28167754, 0.069773175, -0.078262955, 0.14208308, -0.10022582
    },
    {
        0.03185079, 0.18825075, 0.11149767, -0.20101856, -0.01896714, -0.029070023, 0.18713428, 0.24359147, -0.25393006, 0.31179148, 0.3097106, 0.30227047, -0.3431344, -0.039898828, 0.19235133, -0.27539995, -0.21137874, 0.21495415, 0.03551067, -0.20867993, -0.13951628, -0.21243297, 0.22896884, -0.26921126, -0.33072942, 0.29340324, -0.13172927, -0.27481052, -0.29419103, 0.15418339
    },
    {
        0.12876889, 0.24353215, -0.096665114, -0.26727697, 0.31995484, 0.00063269876, -0.005192858, 0.2910151, 0.33926228, 0.30789274, 0.15791617, -0.0058196173, 0.10544016, 0.29368946, -0.098119214, 0.22606774, -0.29634556, 0.21462424, 0.02942718, 0.3200209, -0.2671061, 0.15886016, -0.00024132698, -0.24910483, 0.02546837, 0.0971111, 0.23739718, 0.3238869, -0.037716586, 0.28764355
    },
    {
        -0.10418872, -0.14597678, -0.20946184, -0.076052845, 0.22376902, 0.20943119, -0.11259637, -0.29935017, 0.10736114, 0.17404415, -0.2766742, -0.2923363, -0.10982879, 0.33467612, -0.19060642, 0.2664719, -0.08772447, -0.00042497716, 0.07238521, 0.24060833, 0.23133263, 0.2233243, -0.3426746, -0.3084884, -0.005466913, 0.23558204, 0.010209709, -0.020867886, 0.28159764, -0.19645496
    },
    {
        -0.038797032, -0.102458656, 0.054206874, -0.22754027, -0.10989223, 0.020324621, 0.1406188, 0.20510659, -0.21743746, -0.31042087, -0.14582863, 0.092585444, 0.19002977, -0.25408804, 0.11660264, -0.30199748, 0.21401905, -0.060736507, -0.0083920155, -0.29289958, -0.042398423, 0.0527643, -0.11858539, -0.18970971, 0.1154422, -0.23154406, -0.12425367, -0.23632175, -0.022963382, 0.14038618
    },
    {
        -0.2847155, 0.22978804, -0.15945885, 0.066595346, 0.0062717316, 0.12208887, -0.043576013, -0.24712084, 0.2731147, -0.20530929, -0.27520314, 0.30931032, 0.056780092, 0.34357825, -0.065450415, 0.24282677, -0.2577536, -0.07030804, -0.2698959, -0.2532156, 0.08035524, 0.32232076, -0.23693438, 0.3068015, -0.26924652, 0.07221084, -0.08623413, 0.01737261, -0.093802474, 0.14510995
    },
    {
        -0.13663039, -0.00816252, -0.10812539, -0.1647156, 0.28946686, 0.037225325, 0.2268113, 0.023455184, -0.15576349, -0.24938671, 0.2982066, -0.2589643, 0.25706774, 0.31304768, 0.024842096, 0.1672279, -0.13982816, -0.21322961, -0.15417995, 0.08958477, 0.2754881, -0.32935596, -0.13844265, -0.2028825, -0.049941305, 0.16889475, -0.2809281, 0.021229295, 0.27347818, 0.03361746
    },
    {
        0.25284165, -0.18583801, 0.1800844, -0.26231503, 9.254378e-05, 0.20259526, -0.1175455, -0.24085823, -0.285088, 0.2575069, 0.20786925, -0.25459972, -0.19384724, -0.25365004, 0.31351236, -0.22133803, 0.0007637319, 0.18332207, 0.091212206, -0.08943728, -0.107529804, 0.14926219, -0.018649492, 0.16158527, 0.042792007, 0.26907557, 0.13772707, 0.087792665, 0.21604472, 0.06514357
    },
    {
        0.057004277, 0.08490908, -0.08637267, 0.08533251, -0.2495922, -0.04429156, -0.010177028, -0.27268484, -0.096550666, 0.13030083, 0.021291297, 0.14260438, -0.15378907, 0.029748602, 0.22752748, 0.2549467, -0.047909018, 0.17503078, -0.10216633, 0.3031981, 0.23230521, 0.19307645, -0.17031564, 0.14492205, 0.0001161003, -0.25357112, 0.20604102, 0.24107549, -0.116783805, 0.027116206
    },
    {
        -0.2342013, 0.29218635, 0.015924137, -0.12031464, 0.2986275, 0.112404004, -0.26310465, -0.09093001, -0.2397546, 0.017732719, -0.2581739, -0.2826023, -0.10111415, 0.30416897, 0.29621655, -0.32982275, 0.068470575, 0.0699097, 0.12543522, 0.13727382, -0.33766297, -0.0540781, 0.14709897, -0.08079854, -0.074708916, -0.33497936, 0.33147594, -0.16388196, -0.06437082, -0.30001807
    },
    {
        0.2580937, -0.27611536, -0.055499826, 0.26146686, -0.03717845, 0.3021643, -0.15916894, 0.25308225, -0.3423484, -0.13924892, -0.04190982, -0.33550724, 0.09996914, 0.05676539, 0.14172134, -0.18848431, 0.34725583, -0.17980923, -0.13351193, 0.26314485, 0.13666159, -0.32608017, -0.21835443, -0.347193, -0.33795714, 0.3257686, 0.2775567, -0.13608904, -0.09104983, 0.2931877
    },
    {
        -0.27001065, 0.17573169, 0.19730443, 0.13786477, -0.2607829, -0.2500538, -0.18638536, -0.18687181, -0.18641016, 0.11825968, 0.07114408, -0.30163634, -0.27730843, -0.21450166, 0.3295883, -0.08140729, -0.28340966, 0.20900823, -0.0032002227, 0.17963266, -0.051973686, 0.33611596, -0.32159778, 0.08693666, -0.079230286, 0.20559034, -0.16463073, 0.24628946, 0.075889595, -0.18256153
    },
    {
        -0.11504231, -0.28549504, 0.32288408, 0.066964775, -0.15462297, -0.12288397, -0.18488857, 0.05306386, -0.23462416, 0.18278037, 0.2660552, -0.154212, 0.1645302, -0.07868783, 0.16429959, -0.020252572, -0.08992269, -0.17957188, -0.030853054, 0.3077531, -0.02877538, 0.28387946, -0.06624989, 0.20719159, -0.06877703, -0.12300859, -0.20251983, -0.30140948, -0.20959303, -0.15854014
    },
    {
        -0.07758572, -0.25763848, -0.04306826, -0.13641296, 0.13060273, 0.2859245, 0.058510263, 0.052905697, 0.12731098, -0.20317233, 0.25342265, 0.31080645, 0.11612394, -0.22310115, 0.21930413, 0.07038765, 0.10483349, -0.33831656, 0.24178962, -0.310821, 0.03354518, -0.08146043, 0.28273234, -0.207765, 0.1654133, -0.08243934, -0.11696876, 0.26215932, -0.0342501, 0.19457132
    }
};
