double wolf1_l1_dense_weights[30][8] = {
    {
        0.31238604, 0.22427773, 0.23965095, 0.03074975, 0.3166357, 0.14280199, -0.2491804, 0.2743402
    }, 
    {
        -0.22811215, -0.3373399, 0.109558046, -0.052242137, 0.14808543, -0.34184796, 0.039558098, 0.30808532
    }, 
    {
        -0.14011094, -0.06753828, -0.118083835, 0.19397414, 0.252792, 0.35026103, -0.39181212, -0.26550692
    }, 
    {
        0.10462026, -0.2697246, 0.091557235, 0.19298905, 0.110905275, -0.111302935, -0.09069546, 0.24600105
    }, 
    {
        0.2629025, -0.013767793, 0.085410334, 0.2470182, 0.09252092, -0.34423834, 0.25800514, -0.3747388
    }, 
    {
        0.059961624, 0.25902393, 0.14033152, -0.14418034, -0.2661045, -0.23256324, 0.34805265, 0.07469406
    }, 
    {
        0.13253722, -0.26747072, 0.11433115, 0.2690144, -0.13987306, -0.026926959, 0.14437972, 0.3283133
    }, 
    {
        -0.00806453, 0.29258788, 0.060945105, -0.09289924, 0.33360147, 0.33573303, -0.20819405, -0.19905978
    }, 
    {
        -0.09945455, -0.25981206, -0.28008482, -0.074003376, 0.06464582, 0.085358046, 0.1789639, -0.19112173
    }, 
    {
        -0.28120512, 0.13752028, 0.3799551, 0.23448876, 0.2556874, 0.20916171, 0.1001026, 0.34021547
    }, 
    {
        0.26362616, -0.22285646, 0.24680099, -0.28050768, 0.17740157, 0.016022243, 0.065784164, 0.03946923
    }, 
    {
        0.36866397, 0.21296208, -0.23223215, -0.3395976, -0.34810126, -0.026080336, 0.26232746, -0.29268417
    }, 
    {
        0.32075113, -0.044181623, -0.16542646, 0.31649846, 0.1441915, 0.11110932, 0.30737764, 0.12457701
    }, 
    {
        0.29380417, -0.13285269, 0.37877816, 0.04560076, -0.2907183, -0.0041478886, 0.052661635, -0.030438194
    }, 
    {
        -0.14659843, -0.16953102, 0.20237236, -0.17525615, 0.28782168, 0.03960812, 0.3507299, 0.3069234
    }, 
    {
        -0.029781656, -0.3358438, 0.20190723, -0.3285195, -0.25687373, -0.10157836, 0.37945384, 0.14815837
    }, 
    {
        0.3561238, 0.29685017, 0.31756604, 0.17101172, 0.13267435, 0.06401024, -0.25922313, 0.14088312
    }, 
    {
        -0.08243877, 0.1290979, -0.24787106, -0.35349956, -0.1977073, 0.3238418, -0.116598964, -0.33355147
    }, 
    {
        0.117535755, -0.20688067, -0.33261573, 0.13558428, -0.14305961, -0.08896826, -0.13352187, -0.34451506
    }, 
    {
        -0.2883295, -0.2412287, 0.20342642, -0.31910506, 0.33479735, -0.0427372, 0.1402437, 0.22665004
    }, 
    {
        0.017476639, 0.1524116, 0.06967422, 0.14246216, 0.02755536, -0.18987818, -0.11388912, 0.100759014
    }, 
    {
        -0.232213, 0.018744478, -0.28767762, 0.393885, -0.2215186, -0.16464698, -0.34993175, -0.19130415
    }, 
    {
        0.19794613, 0.3138581, 0.24028768, -0.35237062, 0.36239946, -0.118508145, 0.018457547, -0.23669223
    }, 
    {
        0.12608767, -0.13146128, 0.2860641, -0.15530477, -0.3378015, -0.37352797, -0.3894502, 0.3259413
    }, 
    {
        0.29570004, 0.030891728, 0.03401332, -0.32123128, 0.1557978, -0.3311113, -0.22441934, -0.0013181588
    }, 
    {
        0.36791214, 0.09474371, 0.18079922, -0.21260872, 0.19527504, -0.27385393, 0.3814645, 0.041944243
    }, 
    {
        0.1278412, -0.2843857, 0.3077058, -0.32801715, 0.29819423, -0.3302635, 0.15117463, 0.334025
    }, 
    {
        -0.06790166, 0.23557699, -0.12759823, -0.22653805, 0.054762356, -0.07178964, -0.2595133, 0.029317625
    }, 
    {
        0.24778184, -0.38519493, -0.33639908, -0.117474034, -0.31845474, 0.21031931, -0.22669642, -0.06596733
    }, 
    {
        0.12879072, 0.36450723, 0.29962063, -0.332804, 0.35083646, -0.07495906, 0.37019253, 0.033573978
    }
};