double ess_demand_l0_dense_weights[10][10] = {
    {
        0.291906, 0.263898, 0.074046, 0.250228, -0.063217, -0.021294, -0.069904, 0.014782, 0.080880, 0.048293
    },
    {
        1.702027, 0.868691, 0.431494, 1.690897, 1.003448, 2.103003, 1.160289, 0.569618, 0.295440, 0.141588
    },
    {
        -1.630199, -0.759736, -0.377193, -1.583055, -0.903651, 1.306516, -1.019975, -0.520602, -0.239670, -0.139123
    },
    {
        -0.119011, -0.003781, -0.000712, 0.688285, -0.021251, -0.551602, -0.052172, -0.004450, 0.000728, -0.014088
    },
    {
        1.059575, 0.584615, 0.291361, 1.609035, 0.663746, -3.287695, 0.724046, 0.379781, 0.197312, 0.075039
    },
    {
        0.849871, 0.414400, 0.198102, -0.226463, 0.493757, 1.266057, 0.586872, 0.278639, 0.137998, 0.077449
    },
    {
        -0.192423, 0.002644, 0.093997, -0.341784, -0.204017, 0.054015, -0.218640, 0.149917, 0.073511, 0.341286
    },
    {
        -0.141208, -0.044285, -0.047733, -0.041142, 0.049568, 0.304119, -0.283603, -0.025540, -0.026574, -0.016842
    },
    {
        0.177142, -0.009206, 0.008963, 0.115267, 0.183256, -0.171746, 0.132800, 0.049470, 0.015571, 0.110591
    },
    {
        -0.111468, -0.094956, -0.043586, 0.298327, -0.122175, 0.572255, -0.007261, -0.064540, -0.031429, 0.014476
    }
};
