double ess_q_l1_dense_weights[10][41] = {
    {
        -0.303463, 0.068607, -0.030277, 0.386721, -0.284182, -0.018401, -0.060710, -0.032239, 0.269706, 0.550548, 0.310000, -0.120000, 0.350000, 0.260000, 0.000000, 0.120000, -0.380000, 0.190000, -0.340000, 0.500000, -0.476806, -0.129944, -0.389752, 0.274989, 0.382734, -0.060593, 0.408089, 0.480953, -0.327321, 0.320876, 0.221364, -0.169603, -0.050544, -0.032122, -0.303153, 0.083504, 0.438866, -0.098076, 0.437515, -0.060524, 1.235979
    },
    {
        1.024984, 2.747247, -0.070878, 2.277153, 0.017664, 0.692816, 1.071373, 0.711924, 0.254426, 0.090000, 0.450000, -0.120000, 0.200000, 0.200000, -0.240000, -0.370000, 0.100000, -0.260000, -0.200000, -0.080000, 0.430000, 0.130000, 0.280000, -0.410000, 0.280000, -0.160000, 0.200000, -0.320000, -0.260000, -0.313197, 0.093668, 0.458619, 0.452834, 0.311718, -0.064275, -0.288776, 0.334681, -0.473024, -0.456857, 0.709739, 0.830236
    },
    {
        1.713447, 0.036787, 0.601231, 0.722258, 0.092333, 0.257637, 0.838222, 1.139046, 0.464798, 0.257821, -0.016371, 0.517341, 0.159407, 0.174973, -0.265215, 0.434132, -0.167056, 0.056036, -0.415479, -0.188791, 0.480982, -0.350186, -0.316674, 0.156187, -0.029879, -0.319067, -0.174482, -0.028136, -0.185135, 0.432202, -0.441324, 0.005542, 0.519604, -0.057378, 0.521878, -0.168009, 0.315792, -0.283621, 0.268356, 0.016273, 0.274413
    },
    {
        -0.300128, 0.378348, -0.258426, 0.294405, -0.518264, -0.470680, 0.495521, -0.100101, -0.413687, -0.178911, -0.194862, -0.352266, -0.015367, 0.674673, 0.035495, 0.191099, -0.281570, 0.569230, 0.351845, -0.448620, -0.133195, 0.545208, 0.571136, 0.218731, 0.379011, -0.068830, -0.097451, 0.390000, 0.480000, 0.220000, 0.150000, -0.300000, 0.100000, 0.390000, 0.450000, 0.100000, 0.420000, 0.524908, 0.423246, -0.506519, -0.070506
    },
    {
        -0.376050, -0.368684, 0.282534, 0.494794, 0.049509, -0.175518, -0.437642, 0.091884, -0.357946, -0.414320, 0.228861, -0.309442, -0.432117, -0.465865, 0.434017, -0.214612, -0.240922, 0.312505, -0.256882, 0.475352, -0.014291, -0.056864, 0.212585, -0.145663, -0.087000, -0.315514, -0.155751, -0.153025, 0.328728, -0.110724, 0.293719, -0.315102, 0.708346, -0.205552, -0.318525, 0.535210, 1.300616, 2.155740, 4.035783, 0.264131, 3.409469
    },
    {
        0.804670, -0.256882, 1.392275, 0.802147, 0.774951, 0.059171, -0.049166, 0.071450, 0.446018, -0.054738, -0.376514, -0.482331, 0.507486, -0.152143, 0.096079, 1.326053, 1.047953, 2.072666, 0.940461, 0.917604, 0.802154, 0.754979, 0.689690, 1.785886, 1.821098, -0.230760, -0.171967, 0.010233, 0.318228, -0.453790, 0.196352, -0.476085, 0.398003, 0.419879, -0.269737, 0.278147, -0.076196, 0.181224, 0.123532, -0.277328, -0.275913
    },
    {
        0.114095, -0.201285, 0.497600, 0.290151, 0.287826, -0.433540, -0.150008, 0.127180, -0.288214, -0.265494, -0.323074, 0.018829, 0.078269, 0.402664, 1.056187, 2.835192, 1.933014, -0.222483, 1.439751, 1.271993, -0.114986, 0.604046, 1.884914, 1.815469, 0.407561, 0.356755, -0.039992, 0.055919, -0.396808, 0.095866, 0.149569, -0.116290, 0.376716, 0.123161, -0.420000, 0.210000, 0.220000, -0.070000, -0.090000, 0.440000, 0.210000
    },
    {
        0.080000, -0.030000, -0.210000, 0.029754, -0.097844, -0.356899, 0.261680, 0.355832, 0.342791, -0.371101, 0.472555, 0.014089, -0.247429, -0.441175, -0.088634, -0.333133, 0.095331, 0.545972, -0.292374, -0.357468, 0.140533, 0.127712, 0.480475, -0.155817, 0.202923, 0.180115, -0.388411, -0.344304, -0.376419, 0.563990, 0.452202, 0.188799, 0.046975, -2.273069, -1.125026, -2.406898, -0.462690, -2.677080, 0.326493, -1.375848, -1.335114
    },
    {
        0.368336, 0.100231, -0.251146, 0.156211, 0.460716, 0.142277, -0.339833, 0.590243, 0.080714, -0.264872, 0.106687, -0.411407, -0.211054, 0.398442, 0.257077, 0.449489, 0.423520, 0.406201, 0.667964, 0.372430, 0.218931, 0.256785, -0.220000, 0.280000, 0.320000, -0.390000, -0.470000, 0.240000, 0.270000, -0.410000, 0.190000, -0.100000, 0.165533, 0.375204, -0.446974, 0.164201, -0.311193, -0.275749, 0.383356, 0.154728, 0.007392
    },
    {
        -0.213900, 0.170000, 0.130000, -0.440000, -0.090000, 0.010000, 0.460000, -0.240000, -0.020000, 0.320000, 0.420000, -0.372092, -0.399854, 0.199874, 0.470349, -0.289703, 0.231951, 0.241674, 0.470497, 0.310337, -0.126450, -0.119555, -0.049758, -0.259982, -0.058782, -0.447066, -0.105996, 0.255391, 0.122612, 0.481931, -0.421003, 0.324826, 0.171367, 0.170094, 0.374123, -0.394633, -0.322734, 0.382227, -0.040123, 0.155378, 0.184943
    }
};
