double ess_q_l0_dense_weights[21][10] = {
    {
        -0.783741, -0.614180, -1.256680, -0.560312, -0.512357, 0.059688, -0.035677, 0.440000, 0.050000, -0.023091
    },
    {
        -0.609450, -0.894763, -0.694668, 0.050000, -0.480000, 0.444120, -0.499056, -0.459765, -0.991471, -0.503461
    },
    {
        -0.657840, -1.878416, -0.893368, -1.979461, -0.145161, -1.021759, 0.144839, 0.837702, -0.150000, -0.170000
    },
    {
        -0.267811, -1.616378, -1.657320, -0.892181, -0.320000, 0.190000, -0.067240, -0.743412, -1.096268, -0.789619
    },
    {
        -0.465089, -0.473889, -2.279179, -0.225926, -1.212415, -1.475898, -0.495370, -1.995898, 0.087046, -0.220000
    },
    {
        -0.240000, -1.731258, -0.453373, -0.887711, -1.372894, 0.280000, 0.410000, 0.041237, 0.317661, -1.229938
    },
    {
        -2.249915, -0.434907, -2.064323, -0.584235, -0.867392, -0.100275, -0.431858, -0.624221, -0.241858, -0.623946
    },
    {
        -0.060000, 0.410000, -0.124668, -1.104439, -0.729739, 0.068621, 0.350000, -0.160000, -0.402389, -0.415722
    },
    {
        0.034001, -0.612407, -0.438074, -0.862017, -1.117901, -1.005519, -0.456952, 0.034024, -0.306344, 0.314024
    },
    {
        0.560608, 0.060000, 0.480000, -0.996131, -0.413962, -1.355563, -0.925913, -0.260000, -0.040000, -0.072267
    },
    {
        0.000073, -0.468488, -1.376250, -0.169552, -0.558218, -0.482069, -0.913690, -0.185680, -0.411510, -0.805301
    },
    {
        -0.501510, 0.320379, 0.230000, -0.150000, -0.629093, -1.112303, -0.767311, -0.764967, 0.100000, -0.300000
    },
    {
        0.240536, -0.646969, -0.010846, -0.489526, -0.303988, -0.880836, -0.671605, -0.604503, -0.415631, -0.775364
    },
    {
        -1.008287, -0.815364, -0.702655, 0.050000, 0.010000, -0.483621, -0.870683, -0.965491, -0.032265, 0.340000
    },
    {
        -0.320000, -0.209419, -0.160379, 0.181498, -0.762784, 0.282873, -1.024844, -1.607238, -0.785545, -0.939521
    },
    {
        -0.155745, -0.928229, 0.534255, -0.368708, -0.190000, -0.290000, -0.105208, -1.648186, -1.732278, -0.612387
    },
    {
        -0.340000, -0.270000, -0.496535, -0.340635, -0.826351, -1.147566, -0.203422, -0.332835, -1.725181, -0.769607
    },
    {
        -0.762520, -1.148313, -0.704171, -0.738314, -0.411651, -0.430000, 0.270000, -0.937717, -0.979174, -0.574069
    },
    {
        -0.589921, -0.100000, -0.210000, -0.284081, -0.243537, -0.240835, -1.505517, 0.179213, -1.078176, -1.238347
    },
    {
        -0.650275, -0.022603, -0.682032, -0.534830, -0.342032, -0.462227, -0.350000, -0.190000, -0.189834, -0.941200
    },
    {
        -0.936518, -0.395692, 0.450000, -0.380000, 0.300754, -0.048486, -0.557855, -1.073877, 0.338939, -1.129860
    }
};
