double wolf2_l1_dense_weights[30][8] = {
    {
        -0.2755816, 0.35551047, 0.30716315, -0.322793, -0.04603756, 0.23957619, 0.36884758, 0.027844463
    }, 
    {
        0.07286158, -0.1493647, -0.29751724, 0.03746121, 0.18904471, -0.27510977, -0.025648717, -0.2293716
    }, 
    {
        0.16821118, 0.24591501, 0.36949182, 0.12853809, -0.29887414, -0.17202596, 0.19083044, 0.06600126
    }, 
    {
        -0.36064625, -0.19766237, 0.032140687, -0.28578383, -0.29792273, 0.15438378, -0.121538185, -0.14881758
    }, 
    {
        -0.15616655, 0.3285807, 0.3767883, -0.3023681, 0.13406977, 0.04844295, 0.08666191, -0.14139691
    }, 
    {
        -0.30998296, -0.39172947, -0.39317578, 0.2664274, -0.09717176, -0.35016716, -0.096314326, 0.27169192
    }, 
    {
        -0.28166625, 0.19524485, -0.23643178, -0.23578084, -0.3726938, 0.15891218, 0.2591038, -0.23150131
    }, 
    {
        -0.14818522, 0.050642524, 0.09012952, 0.074634634, 0.28869972, -0.15081626, 0.12147939, -0.1967221
    }, 
    {
        -0.35448617, -0.007431723, -0.2939542, 0.16075371, -0.0038356143, 0.07046049, -0.30434328, 0.16619466
    }, 
    {
        0.20235997, -0.053414706, -0.021639377, 0.09034875, -0.17019235, -0.2954373, 0.34835213, -0.2595995
    }, 
    {
        0.28213093, -0.009596535, 0.09592136, 0.33895317, -0.17068079, -0.27715817, 0.39347592, -0.37201178
    }, 
    {
        -0.28906074, 0.25229403, 0.2945293, 0.2991111, -0.28881508, -0.16934031, 0.08074149, 0.39549786
    }, 
    {
        0.29148936, -0.2511879, 0.2370214, -0.19614258, 0.32716802, -0.00381411, 0.39003015, -0.26144683
    }, 
    {
        0.23339434, 0.22212471, -0.23566835, -0.11160847, 0.0030431882, -0.37842035, -0.3098125, 0.15645605
    }, 
    {
        0.34472325, 0.09977245, 0.23551047, -0.3130968, -0.23416115, 0.20477647, -0.0013172949, -0.113063104
    }, 
    {
        0.0867843, 0.22736777, -0.32393673, -0.07579727, -0.048372664, -0.06654201, 0.37718314, 0.18584634
    }, 
    {
        -0.020919913, -0.17251815, -0.05828336, 0.37151864, 0.1678431, -0.21078336, 0.19625218, 0.031913824
    }, 
    {
        0.31595612, -0.23626612, 0.27564657, 0.19430172, -0.32669717, -0.38936782, -0.17141204, 0.28574538
    }, 
    {
        -0.12885879, -0.112680964, 0.15727723, 0.3676266, 0.38920376, -0.10456789, -0.03602401, -0.24535024
    }, 
    {
        -0.16112775, 0.32313737, -0.31023505, 0.39567202, -0.2575246, -0.016026085, -0.08763731, 0.2618738
    }, 
    {
        0.2918356, 0.108453594, 0.12386155, 0.09103359, -0.30858272, 0.30170578, -0.08819974, -0.17007124
    }, 
    {
        0.36224315, 0.1393015, -0.28891486, -0.0697066, 0.25399995, -0.0999813, 0.38960704, 0.37891683
    }, 
    {
        0.35198602, -0.037536252, 0.36395738, -0.36802605, -0.20033038, -0.32296115, 0.11778089, -0.105997555
    }, 
    {
        -0.36758426, 0.28186902, -0.17684042, -0.093973555, -0.12723616, -0.09396095, -0.1400059, -0.17671908
    }, 
    {
        0.25681868, 0.062244628, -0.2323515, 0.1920049, -0.28913885, 0.14377362, 0.29440776, -0.26237935
    }, 
    {
        -0.08560573, 0.30134234, -0.08545002, 0.3008046, 0.06440736, -0.31206352, 0.10871647, 0.37077403
    }, 
    {
        -0.3266624, -0.35866565, 0.28985733, -0.09130632, -0.37913206, 0.091763616, 0.10798511, -0.07212591
    }, 
    {
        0.39000186, 0.2799162, -0.3251757, -0.35502288, 0.15196095, -0.20707415, -0.11766605, -0.33924627
    }, 
    {
        -0.30967835, 0.23842981, 0.17081147, 0.17546463, -0.08571396, 0.26275608, -0.07249503, -0.17895395
    }, 
    {
        0.14440383, -0.02266717, 0.16322465, 0.23552935, 0.39572772, -0.21332487, -0.13505335, -0.1286206
    }
};