double wolf2_l0_dense_weights[20][30] = {
    {
        0.16798583, 0.29701167, 0.24189752, 0.29638246, 0.29652423, 0.32919002, 0.24070238, -0.024839362, 0.013995647, -0.006592184, -0.20152143, -0.33913797, 0.13564509, 0.22772266, -0.020099813, 0.27849367, 0.19157635, 0.15929937, 0.20087217, 0.29454812, 0.1952025, 0.24389304, 0.3014066, -0.068862684, 0.20447952, 0.30299786, 0.12299353, -0.23896554, -0.28968686, -0.13236046
    }, 
    {
        0.342582, 0.060093373, 0.269722, -0.118493035, 0.1907534, -0.2597852, 0.2643067, -0.14213067, 0.21824391, 0.2782573, -0.04436525, -0.18596794, 0.25754276, -0.18880098, 0.09873205, -0.1106977, -0.081394084, -0.13339442, 0.07945336, -0.11276432, 0.326188, -0.060739953, -0.28730816, 0.069019996, 0.15914562, -0.34623525, 0.06285033, -0.016727773, -0.042208076, -0.057334278
    }, 
    {
        -0.2678785, 0.004192034, -0.097255625, 0.17547695, 0.1450548, 0.18553731, 0.19579516, -0.040497143, 0.08757411, -0.098740846, 0.21150994, 0.13223347, -0.31269017, 0.13291271, -0.06613877, 0.030723916, -0.1665498, 0.029809512, -0.11785355, 0.33324257, 0.023403248, 0.30080262, -0.2678075, -0.026888048, 0.22333562, 0.3038267, 0.3215134, -0.04621084, -0.2351538, -0.0019285553
    }, 
    {
        0.17482933, 0.02159649, 0.22584659, 0.320815, 0.09120966, -0.24197966, 0.3065194, 0.27880982, -0.1988787, 0.26247665, 0.28909668, -0.08737063, 0.30256322, 0.15968163, -0.2328785, 0.030365538, 0.09075122, 0.003019101, -0.16404343, -0.033740897, 0.18815514, 0.23122378, -0.16707037, -0.27012816, 0.038848348, -0.07218518, 0.27306023, -0.2119585, 0.0017658356, 0.171278
    }, 
    {
        -0.21585418, -0.24716601, 0.015310561, -0.013629632, -0.25787097, -0.2794687, -0.20269188, 0.26801392, -0.26302406, 0.060377896, 0.04632578, 0.180605, -0.109231375, -0.09842693, 0.24909046, -0.31726336, 0.3431055, -0.223079, 0.25203142, -0.23220523, 0.26692984, -0.03883897, -0.09590035, -0.124048464, -0.07798288, 0.22615334, -0.17177393, -0.045446754, -0.2089113, 0.29262713
    }, 
    {
        -0.19117105, -0.13347703, 0.06049634, -0.11160382, -0.113813184, -0.16975424, 0.2813459, 0.059961688, 0.085382715, -0.0015937272, -0.10124067, 0.12349538, 0.21175149, 0.14012988, 0.09742195, -0.19294311, -0.25157547, 0.25369695, -0.06281765, -0.1763349, -0.11298359, -0.05944188, -0.23165894, -0.02563054, -0.23280609, 0.02871693, 0.14485298, -0.13312499, 0.23718086, -0.27536702
    }, 
    {
        -0.043279704, -0.12138793, 0.12118116, 0.09553444, -0.10552714, 0.0874773, -0.2575484, 0.26854602, -0.29115382, -0.29568198, 0.2155281, 0.33618966, 0.07358584, -0.27808905, 0.23965678, -0.27922416, 0.10991862, -0.07795548, -0.29073405, -0.080453984, -0.088011436, -0.14412187, -0.2938908, -0.068066575, -0.22363338, -0.038141843, -0.13806874, -0.073825516, -0.15420116, -0.23156336
    }, 
    {
        0.1696605, -0.27671108, 0.17678389, 0.022461904, 0.28547508, 0.3373625, 0.11233349, -0.18349817, -0.0127723655, -0.09033868, -0.32194728, -0.28169113, 0.29722258, 0.010480039, -0.30325317, -0.17255716, 0.20064545, 0.26223615, -0.0066654617, 0.1984162, 0.16721669, -0.21628837, -0.009272288, 0.27220803, -0.00890762, -0.06802645, 0.16773465, -0.15894684, -0.32167062, -0.04325587
    }, 
    {
        0.16984724, -0.037626922, -0.13656567, -0.33113497, -0.22795402, 0.18409821, -0.039688308, -0.0075655314, 0.07628392, -0.32201302, 0.14611904, -0.10652222, -0.102676906, 0.27495247, -0.22052562, 0.2755778, -0.12734693, -0.105869435, 0.2511408, -0.19796076, -0.10736964, -0.26499215, -0.23730813, 0.11727207, 0.2615095, 0.15521964, 0.081888616, -0.11404075, 0.15607077, -0.06554807
    }, 
    {
        0.050531786, -0.11208583, -0.23871468, 0.12992747, -0.21060443, -0.2134877, 0.23647784, -0.053537298, 0.27891535, -0.05073728, -0.31283724, -0.13167793, 0.3204911, -0.22802506, 0.06641472, 0.16546889, 0.21100642, 0.094475634, -0.27795243, 0.19548725, -0.2685834, 0.19349007, 0.110553704, 0.29452202, 0.15696943, -0.34203854, -0.1420351, 0.05796747, 0.30942348, 0.02884595
    }, 
    {
        0.3192722, -0.17431647, 0.21013439, 0.0053769574, 0.27640814, -0.23154673, 0.3007043, -0.19447437, -0.29577732, 0.09428927, 0.31048802, 0.30182603, -0.3198106, -0.06071259, 0.18673012, -0.11904039, -0.25570425, 0.27878535, -0.3257994, 0.34293804, 0.29769018, -0.33526132, -0.114949495, -0.26269886, 0.031778432, -0.07968994, -0.08601418, -0.18009421, 0.14081399, 0.3229326
    }, 
    {
        0.1959906, 0.068181634, 0.28426698, -0.20133068, -0.13769074, 0.2434803, -0.26609284, 0.31751212, -0.15129006, -0.121800974, -0.045742266, -0.0069586346, 0.21322657, 0.3168136, 0.0069594914, -0.1327062, -0.083423354, 0.305267, 0.12697715, 0.18946329, 0.13491225, -0.13601327, -0.29586554, 0.11552825, 0.17464212, 0.057401687, -0.21813954, -0.019234894, -0.15262471, 0.231563
    }, 
    {
        -0.18394363, 0.2370447, 0.23872395, 0.30993176, -0.3149739, 0.09865231, -0.2195177, -0.24007167, 0.044758543, 0.27247173, 0.12933126, -0.1765153, 0.31251773, -0.16255565, 0.18226111, 0.21077164, 0.20475836, 0.31881848, 0.2061298, -0.19277011, 0.17728345, 0.24660532, -0.27819824, -0.25719967, -0.30694026, 0.31203222, 0.022454927, -0.043671593, 0.014442321, 0.16148736
    }, 
    {
        0.15086383, 0.004954991, 0.17550933, 0.2218689, -0.34617382, 0.1335237, 0.040016074, 0.20228605, 0.03564173, -0.19639765, -0.16371928, -0.30279025, 0.19703463, -0.12392637, 0.079568245, -0.08275362, -0.079295404, -0.16824552, -0.26078615, 0.34198055, 0.25885674, 0.29220614, 0.17682293, 0.31107846, -0.18424146, -0.29912752, 0.045028627, 0.053717785, -0.23905815, -0.32269102
    }, 
    {
        -0.28187084, -0.042786688, -0.12974039, 0.06586592, -0.12255139, 0.20232955, -0.31737277, 0.032471832, -0.23154344, 0.19086999, 0.29964623, 0.16791713, -0.31618455, 0.11610045, 0.07848974, -0.18702944, 0.21040696, 0.066196315, 0.09682686, -0.09215399, -0.18774237, -0.062737964, 0.08275836, -0.3260172, 0.29411653, 0.057727188, 0.1013104, -0.25836718, -0.25879553, 0.030805523
    }, 
    {
        0.119535185, -0.30884558, 0.19323708, -0.21838143, 0.12273914, 0.14849937, -0.0785797, 0.20769845, 0.10423319, -0.18537816, 0.12184038, -0.3354142, -0.25762123, 0.12558807, -0.17804073, 0.026299315, 0.018688153, 0.12722588, -0.07223852, 0.19957285, 0.043289684, -0.039412662, 0.016364656, -0.29601124, -0.33464858, 0.095659025, 0.33313268, 0.25775567, -0.34437436, -0.13248235
    }, 
    {
        0.023176437, 0.17954153, 0.1774674, -0.06870947, 0.2401234, -0.2596377, -0.25924498, 0.24091636, 0.33939105, 0.30081436, -0.2434151, -0.028601607, -0.18905215, -0.18167365, -0.062576495, -0.17549784, 0.1780359, -0.3028959, 0.0056551774, 0.049007963, -0.2830409, 0.0033307874, -0.1788587, -0.119103365, 0.156317, 0.07404522, -0.31059757, 0.10044911, -0.082322046, 0.29533488
    }, 
    {
        0.08463495, -0.1728148, -0.08400606, 0.16616006, 0.04589977, -0.30003318, -0.13514367, -0.15701416, 0.24795456, 0.127134, -0.18187614, 0.072015256, -0.08793358, 0.24389665, 0.0651535, -0.046868682, -0.3054599, -0.26839125, 0.14850628, -0.25495696, -0.16068633, -0.09854662, -0.22383934, 0.07239779, 0.340305, -0.11697452, 0.20191535, 0.18338639, -0.09427759, -0.30989423
    }, 
    {
        0.30240583, -0.10641822, -0.29157206, -0.31396198, 0.23644376, -0.07575049, 0.23177002, 0.28399923, 0.32846126, -0.1913716, 0.27360824, 0.26152802, 0.1024464, -0.19382092, -0.16513929, -0.06849414, -0.23809029, 0.064055465, -0.16248234, -0.1659147, 0.22995117, -0.23193772, -0.0024077105, 0.09757858, -0.3411549, 0.11315423, -0.24385644, -0.23405582, -0.18367523, 0.24263111
    }, 
    {
        0.11060812, 0.11402553, 0.21597335, 0.0001566537, 0.21346748, 0.16691747, 0.03896899, 0.133358, 0.21475948, -0.1831877, 0.23924385, -0.17040515, 0.1759456, -0.3301833, -0.048925288, 0.32438043, -0.316341, -0.23450136, -0.23323813, 0.14370275, 0.12343051, 0.0191787, -0.06708927, -0.055313922, 0.3306282, -0.30494645, 0.33740196, 0.31090683, 0.2107017, 1.5581143e-05
    }
};