double rabbit_l0_dense_weights[20][24] = {
    {
        -0.11254303, 0.1867096, 0.3154944, 0.2051624, 0.29259324, 0.02580834, 0.118751384, -0.19378479, 0.28713876, -0.05759884, 0.059996888, 0.11620975, 0.2960472, 0.071728714, 0.32789043, 0.23649701, -0.29473132, -0.32727513, -0.21933022, -0.32735118, 0.11174617, 0.31599662, -0.0287152, 0.10570688
    }, 
    {
        0.36366808, 0.13282302, -0.22299294, -0.27255148, 0.18888429, 0.25536588, 0.12513353, 0.090861395, 0.34934208, 0.07833826, 0.31438738, 0.07735392, 0.09999802, 0.10291008, -0.22475544, -0.31201917, 0.045341108, 0.08944999, 0.34654796, 0.086751096, -0.23327301, -0.18058151, -0.042272467, 0.32568413
    }, 
    {
        -0.06407703, -0.1616482, 0.031216888, 0.19186635, 0.2227823, 0.22574642, 0.047959194, -0.24413677, 0.27822688, 0.16036773, 0.20830648, -0.34537697, 0.24529423, 0.14374128, 0.02488269, 0.15613131, 0.22543968, 0.16540454, 0.09823128, 0.019485487, 0.035871547, 0.12949911, 0.015751878, -0.21335572
    }, 
    {
        -0.20879737, -0.094336756, -0.082928576, -0.075169496, -0.111662835, 0.012238001, -0.32877845, 0.35578784, -0.032690905, -0.13835138, 0.34935662, 0.3510163, 0.09567218, -0.17453143, -0.15241462, -0.23144943, 0.0813717, -0.098800436, 0.042929675, 0.2821049, -0.061682902, -0.28250134, 0.030280255, -0.010469071
    }, 
    {
        -0.18385546, 0.08295512, -0.17898336, 0.3428596, -0.022971159, -0.029888952, -0.22483599, -0.0846775, 0.19480924, 0.2600502, -0.22223343, -0.28581527, 0.11627319, 0.07828627, 0.18010458, 0.34356266, -0.2630329, -0.20559794, 0.014374976, 0.30265948, -0.36257452, 0.21708171, -0.10486602, 0.31197566
    }, 
    {
        0.23836079, -0.04817777, 0.16515362, -0.36010894, -0.36764663, 0.20925757, 0.0175408, 0.32991463, 0.2754371, -0.12102246, -0.3500816, -0.034529302, 0.30411422, 0.28238246, -0.019287243, -0.27050114, -0.09707115, -0.088797145, -0.086721756, -0.25955027, -0.11988082, 0.041483726, -0.027121177, -0.17614658
    }, 
    {
        -0.36814547, 0.054660223, 0.19297394, 0.1638524, -0.07028216, -0.22693369, -0.26483598, 0.3609008, -0.17711169, 0.08608132, -0.35884488, -0.239456, -0.23777892, -0.113876544, 0.24667113, -0.23243989, 0.28305694, 0.21202417, 0.181068, 0.2855817, -0.3595745, -0.16504131, -0.33159295, 0.20869617
    }, 
    {
        -0.075209916, -0.04467067, 0.2619455, 0.29650733, 0.16521999, -0.026155377, -0.26598856, 0.31980726, 0.052967917, -0.25515696, 0.33034098, -0.33392006, -0.072150566, 0.21936557, -0.25181597, 0.31246495, 0.31939688, -0.3076354, 0.23938233, -0.04970396, -0.048317436, -0.25584254, 0.115772076, 0.07060378
    }, 
    {
        0.17981601, -0.22482128, 0.023346776, 0.28571108, 0.33879122, -0.25559694, -0.23098467, -0.083811775, -0.08336513, 0.31306395, -0.17086987, -0.2182331, 0.13283269, -0.2284119, -0.03627878, -0.05838763, -0.23383911, 0.36457127, -0.2606121, -0.026957724, -0.01593343, 0.0016578907, -0.14719999, 0.3639999
    }, 
    {
        -0.13532975, 0.106842525, 0.20417029, -0.07678293, -0.18222566, -0.11956251, -0.24851556, -0.29372442, 0.044138648, 0.046485696, -0.07364027, 0.14125493, 0.24448003, -0.2668295, -0.08081408, -0.31819785, -0.16751339, -0.27325344, -0.24140126, 0.12024768, 0.097549714, -0.34165233, -0.28289476, 0.13299291
    }, 
    {
        0.11038239, 0.034062497, 0.16053668, 0.27830535, -0.20008005, -0.16670969, -0.28635457, -0.32655823, -0.19403139, 0.27548188, -0.0055549573, 0.021774357, 0.26208776, 0.03460533, 0.16817074, -0.07288396, -0.1890156, 0.038843974, 0.2915762, 0.035064403, 0.26049784, -0.34922892, -0.053234078, 0.25039157
    }, 
    {
        0.024557654, 0.21687743, 0.2607519, 0.09865571, -0.09423456, 0.2901927, 0.103212215, 0.25131175, -0.25423175, -0.10142333, 0.060031094, 0.1919752, -0.34716395, 0.2868673, -0.24758998, 0.119066335, -0.20950274, 0.0936016, 0.10470868, 0.069978766, -0.082907595, 0.18615244, 0.30872238, 0.013793701
    }, 
    {
        -0.29058662, -0.017048113, 0.2849015, 0.18293984, 0.16814022, 0.36775008, -0.08714576, -0.33779317, 0.31914178, -0.33253387, 0.25972527, -0.27236903, -0.19116111, -0.06916628, -0.044552967, -0.24640486, -0.2658528, 0.2508218, -0.13211855, 0.04665832, -0.022590835, 0.17258236, 0.0204748, 0.03439064
    }, 
    {
        0.22591431, -0.2570558, -0.36498988, 0.063727684, 0.028701486, 0.19695008, 0.2965481, -0.079974085, 0.118282355, 0.21102773, -0.23593144, 0.06994928, -0.26602766, 0.28833023, -0.040553886, -0.25153548, -0.12051425, -0.24367875, 0.18833303, -0.04836103, 0.05697582, -0.19600645, -0.1892697, -0.3635966
    }, 
    {
        -0.03710177, 0.27697167, -0.30598405, -0.08755907, -0.03361208, -0.038228028, -0.27976727, -0.1972564, 0.04298882, 0.27776387, 0.014949149, -0.04738859, -0.14715548, 0.14520118, 0.13682726, -0.14340785, -0.0772278, 0.269517, 0.02956802, 0.16323063, 0.2707948, 0.17718385, 0.023348521, -0.32068422
    }, 
    {
        0.34157577, 0.19679537, -0.05679199, 0.12110214, -0.2421689, 0.25348088, -0.36608052, 0.19614206, -0.2200367, -0.27825445, 0.010690735, -0.26454282, -0.24407253, 0.23505571, 0.032780394, 0.33003375, 0.24512698, -0.32187945, -0.15851685, -0.05758797, -0.016061205, -0.0046140607, 0.23736371, -0.059183884
    }, 
    {
        0.10735701, -0.16490005, 0.035864256, -0.0016676148, -0.05287656, -0.3461986, 0.23109643, -0.2705642, 0.34327853, 0.33490187, 0.2581713, 0.1834983, -0.009536903, 0.2579477, -0.30375195, -0.116093665, -0.06864517, 0.2571164, 0.09133529, 0.032986436, -0.022103662, -0.25091678, -0.21568985, 0.10267583
    }, 
    {
        0.020461861, 0.26087353, -0.069233514, 0.2094618, 0.30531338, 0.19770524, 0.07918877, 0.101649955, 0.15283893, 0.3176671, 0.069254704, -0.029893257, -0.31420502, 0.34515694, 0.0089872535, 0.07351399, -0.07140374, -0.23926719, 0.26313913, -0.017621074, 0.07978722, 0.2723897, -0.20975745, 0.24166912
    }, 
    {
        -0.026448008, -0.14087968, 0.040399782, 0.26813123, 0.3430893, 0.058330245, -0.16456595, -0.0715294, 0.019043965, 0.2672163, 0.13585371, -0.12768702, -0.17146719, -0.34499556, 0.09320269, -0.32912236, 0.11019656, -0.12703067, 0.027421895, 0.28775284, -0.29660568, 0.2822389, -0.32701948, -0.14165844
    }, 
    {
        0.28145766, -0.17939793, -0.2513788, 0.0736276, 0.054192714, 0.023770457, -0.1929026, 0.16572045, -0.33083242, 0.27253982, 0.26582468, -0.32395732, 0.15874158, 0.1634632, 0.025824582, 0.3415082, 0.18660626, -0.30090442, -0.24606061, -0.23252675, -0.086319305, -0.3693265, 0.33253515, -0.07150305
    }
};