double darknet_l2_conv2d_weights[3][3][16][32] = {
    {
        {
            {
                -0.06669007, 0.0025218797, -0.091975525, -0.0031929782, 0.10860317, -0.05346482, -0.067103446, -0.15785654, 0.03463998, -0.17503306, 0.104996994, -0.05902208, -0.027094647, 0.10877096, 0.081954144, -0.15877762, 0.047099814, -0.044317618, -0.08600288, -0.13896269, 0.094037116, -0.19149877, -0.25755212, -0.13238187, -0.019913012, 0.15517199, 0.12252017, -0.016185343, -0.06839182, -0.018125916, 0.08928674, -0.14360628
            }, 
            {
                0.04708968, 0.036457546, 0.039820213, -0.0020054597, 0.027751846, -0.106756516, -0.05631929, -0.039690748, -0.052226786, -0.0104016075, 0.032787193, -0.062172607, 0.006732763, 0.11433841, -0.13524987, 0.113507934, 0.014906649, 0.036576867, 0.12636122, 0.07498245, -0.017161662, 0.006105546, -0.052178115, 0.109148905, 0.09934046, 0.00045783253, -0.08394212, 0.0076662796, 0.025330663, -0.056846764, -0.053743914, -0.0946989
            }, 
            {
                -0.095079556, 0.0017437559, 0.0037224228, -0.07421957, -0.01418391, 0.012549744, 0.07298448, 0.0712651, -0.016678078, -0.09845701, -0.032737475, 0.053935964, -0.20844631, 0.046914943, -0.08364133, -0.018483961, 0.09814261, -0.055762697, -0.05905302, -0.058492437, 0.08319861, -0.095643654, -0.00027156802, 0.023139024, -0.009534431, 0.013674977, 0.08000975, 0.07378757, -0.070615016, -0.04261018, -0.10318159, -0.024913399
            }, 
            {
                0.022907345, -0.048067253, 0.050281867, -0.008949165, 0.008570289, 0.08369336, -0.11465488, -0.09383273, -0.12003001, -0.05615332, -0.10971174, -0.06418071, -0.04755441, -0.06260953, -0.039089322, 0.08632577, 0.0317142, 0.015000162, -0.087236986, -0.13372985, 0.071835324, 0.064096764, 0.011302641, -0.015007955, 0.029557068, -0.14382641, 0.04374356, 0.022497447, -0.04155932, -0.10795444, -0.032366402, 0.07176117
            }, 
            {
                -0.018423367, 0.107832596, -0.0575038, -0.0012636146, -0.098470755, -0.13104728, -0.0011969444, -0.053420495, -0.0308172, -0.026046718, -0.14351027, -0.032971945, -0.04813053, 0.057475854, 0.07939075, -0.06785229, -0.109082796, -0.047958698, -0.1419788, 0.042993147, -0.011858483, -0.02504439, -0.14956047, 0.034362897, 0.067215614, 0.01779875, -0.10700967, 0.024653826, 0.08985614, -0.00051488006, -0.06892464, -0.16498503
            }, 
            {
                -0.07633273, -0.12969239, -0.061006036, -0.046003822, -0.02147281, 0.013235323, -0.1169237, -0.12565736, -0.105151705, -0.017583396, 0.078990355, 0.029088479, -0.069066234, 0.11484743, -0.023823727, 0.021701029, -0.030404985, 0.01167444, -0.028542623, 0.03226414, -0.1109061, 0.026286606, -0.057780635, -0.026537409, -0.032272045, 0.033643406, -0.017404296, -0.034062166, -0.07171776, 0.03640567, 0.004470194, -0.0032880977
            }, 
            {
                0.0286047, 0.050835423, 0.04798877, 0.047513004, 0.06254629, 0.017362362, 0.061875176, 0.0444876, 0.111596115, -0.058978554, -0.06404763, 0.11381086, -0.018182999, 0.03510218, 0.15694608, -0.036596123, 0.095380895, 0.086158514, -0.045554742, -0.15075557, -0.10748547, 0.07649267, -0.06871141, 0.0060287565, 0.008560271, -0.060645383, -0.1298069, -0.14273718, -0.07002472, -0.03279439, 0.00017488467, -0.031305235
            }, 
            {
                0.109589964, 0.03688966, 0.0023300373, 0.100434944, 0.018118085, -0.117060125, 0.01651635, -0.0045748493, -0.11000919, -0.039750762, 0.0018946392, -0.06720676, -0.116578266, 0.058257047, 0.0055065183, 0.033800263, -0.08327665, -0.10578392, 0.028703874, -0.102311514, -0.022376057, 0.02926304, 0.024262963, -0.029173544, 0.036830053, -0.06743296, 0.09355248, -0.075797155, -0.105374455, 0.0592803, 0.018027004, -0.048583984
            }, 
            {
                0.046217803, 0.13434733, 0.059808515, -0.13828245, 0.013826035, 0.059018634, 0.03861982, 0.12448353, 0.13016173, 0.023361968, -0.061127264, -0.021991832, -0.11332441, 0.05474821, -0.053939365, -0.08737238, -0.07175602, 0.044603083, -0.11549716, 0.056556042, 0.029608857, 0.069688864, -0.018842446, 0.066909775, 0.27960706, 0.014575997, 0.076564744, -0.07647395, 0.016500792, -0.10190776, -0.11457944, -0.13900417
            }, 
            {
                -0.06878296, -0.04439579, -0.033212475, -0.12860705, -0.04114605, 0.116871566, -0.04155437, -0.113330275, -0.092140324, 0.0145342015, -0.08183127, -0.113709845, 0.050860617, -0.12679438, 0.02568506, -0.17065834, -0.06812502, -0.031369977, 0.009900122, -0.16856107, 0.11037377, -0.021026216, -0.02077594, -0.08229458, 0.014222142, -0.021447837, -0.1844693, -0.087148055, -0.07666774, -0.019060675, -0.015119097, -0.1137318
            }, 
            {
                0.14941657, 0.047724, -0.06009895, -0.10153717, -0.026147343, -0.022187848, -0.14408453, -0.060175497, -0.07560697, -0.021094115, -0.034442917, -0.0473437, -0.03167268, -0.14191468, 0.015022276, -0.106242634, -0.033614393, -0.033045914, -0.16429734, -0.13515247, 0.11179616, -0.12422629, 0.09962367, -0.076657236, -0.015464299, -0.12294346, -0.0055418825, -0.026605235, -0.061836887, -0.06785247, -0.03835291, -0.01964909
            }, 
            {
                0.104752906, 0.09777512, 0.031018523, -0.06640646, 0.052796412, -0.06675984, -0.06308869, -0.072285585, -0.122876786, 0.030306842, 0.020426469, -0.076255076, 0.047171764, 0.056577154, -0.098952346, -0.09339022, 0.11518811, -0.02613038, 0.02412943, 0.018270997, 0.06219662, -0.09315107, 0.04260449, -0.08572309, -0.011567521, -0.118595116, 0.00024748713, -0.05155942, 0.009099637, 0.09052738, -0.101470344, 0.015434189
            }, 
            {
                0.018360218, -0.0049555628, -0.0096745435, -0.007151113, -0.05575429, -0.11412844, -0.046481017, -0.112683624, -0.0856657, -0.102150224, 0.03029633, -0.114912756, 0.15615797, 0.0041084564, 0.06738584, 0.050662216, -0.0011019154, 0.07380423, 0.08444642, -0.142914, -0.022990702, -0.06496313, -0.08346447, -0.077799685, 0.037875578, 0.05174852, -0.08450982, 0.030970775, 0.079401106, 0.00828356, -0.123105176, -0.0057791686
            }, 
            {
                -0.030986488, -0.0135248, -0.04536467, -0.101870105, 0.0059837736, 0.019139873, -0.051292393, -0.0825895, 0.054479502, 0.010181767, -0.06340918, -0.03141057, -0.10214825, 0.020824097, -0.12702243, -0.026215548, -0.11925952, -0.062555894, 0.096204184, 0.022523807, -0.11528129, -0.11373337, 0.0362876, -0.1401669, 0.0011925952, -0.13996978, -0.007752558, 0.023530452, -0.06371143, -0.1546202, -0.006081477, 0.040187612
            }, 
            {
                -0.07198477, -0.066105835, -0.02973393, -0.007890899, -0.049818814, 0.07959608, -0.04106787, -0.066084206, -0.08490719, 0.035204466, -0.08114385, 0.063934796, -0.10641341, -0.121443525, -0.06398607, 0.005288465, -0.10708798, -0.0931809, -0.06488418, -0.0404698, 0.08410007, -0.011172788, -0.055858057, -0.08594991, -0.053993013, -0.03846012, -0.0043494035, 0.02196895, 0.004971702, -0.07001798, -0.10740678, -0.08325845
            }, 
            {
                0.0016900637, 0.054553878, -0.039770145, -0.11759065, -0.011325193, -0.06924732, -0.029752936, 0.045326136, 0.01033103, -0.005008724, 0.017245274, -0.09798112, -0.015204844, -0.118792556, 0.033571675, 0.0083468035, 0.05587848, -0.14893211, 0.08564434, -0.086475626, 0.11264402, -0.107487604, 0.12118212, 0.14469415, 0.02930139, -0.019295206, 0.10114224, -0.06275836, -0.062802196, 0.028853662, 0.043672267, 0.008415949
            }
        }, 
        {
            {
                -0.007990497, -0.1518322, 0.018830385, -0.049136102, 0.14041823, -0.07776072, -0.12452658, 0.024901174, -0.0214715, -0.08070212, 0.011043738, -0.020931847, -0.14379428, 0.046227053, 0.018663254, -0.11727482, 0.037085015, 0.16380697, -0.09154812, 0.1001598, 0.082868986, 0.13438907, -0.046511963, -0.03255246, -0.020419797, 0.23095687, -0.13336933, 0.01496464, 0.060790006, 0.008814113, -0.05959941, -0.09398545
            }, 
            {
                -0.07708661, -0.060699932, 0.034572948, 0.020783924, -0.06544321, -0.113169074, -0.001901669, 0.019729137, -0.12284701, 0.008170617, 0.030202579, -0.046671465, 0.037050962, -0.08186064, -0.05547302, -0.08403122, -0.07843757, -0.006865857, 0.078058206, -0.11120764, 0.08149317, -0.1338236, 0.08138859, 0.1074526, -0.021463135, 0.05353965, 0.025939502, -0.038424816, -0.093346775, -0.08896797, 0.07127705, 0.012862731
            }, 
            {
                -0.011726001, -0.06383278, -0.078995846, 0.05566236, -0.0002919936, -0.06012627, 0.0019567695, -0.08998978, -0.036979962, 0.059523843, 0.10685473, -0.068079345, -0.12571369, 0.07199487, 0.117220975, -0.13739976, -0.047281507, -0.23510282, -0.05433966, 0.028438797, 0.03609312, -0.04203413, -0.1419759, -0.019283539, -0.08374392, 0.018848347, 0.016952025, 0.063164495, 0.031253736, -0.18471389, -0.044854015, -0.005242674
            }, 
            {
                0.05168664, 0.051543925, -0.05715359, -0.034365613, -0.039045457, -0.09722324, 0.062618546, -0.033198018, 0.07559377, -0.020983998, -0.10385703, -0.10060531, 0.048517443, -0.101985015, 0.14169233, -0.108856104, 0.08774707, 0.08939919, 0.08936312, -0.048557222, -0.08071111, 0.062456172, 0.03446902, -0.15199758, -0.055044334, -0.06182652, 0.07461707, 0.12855577, -0.02213164, -0.03419794, 0.029564371, -0.115035474
            }, 
            {
                -0.07921554, -0.17241348, 0.08007513, 0.050759126, -0.020587191, 0.048915625, 0.046783164, 0.12741192, -0.087089665, -0.15164278, -0.2120311, -0.049165584, 0.008476827, 0.038598455, 0.062346436, -0.12432155, -0.07551814, -0.10936999, 0.052429438, -0.046114855, 0.0060618953, -0.0911837, -0.1826295, 0.13425215, 0.060647383, -0.1313013, -0.044898864, 0.021271268, -0.07835572, 0.029663997, -0.026042087, -0.045774125
            }, 
            {
                -0.081296645, -0.033194248, 0.029075196, -0.08952287, -0.08232252, 0.067161985, -0.00017805102, -0.06507751, 0.015938448, -0.037819207, -0.034985274, 0.0420137, 6.515495e-05, -0.087286144, 0.003342029, 0.02053088, -0.11676906, 0.08384673, 0.06315044, -0.014242963, -0.098249815, -0.057330754, -0.09003012, -0.09932954, -0.08113789, -0.15296419, -0.10919001, -0.019310003, -0.039450284, 0.018628445, -0.12518743, 0.075672574
            }, 
            {
                0.05152331, 0.09019912, -0.04848237, -0.041625306, -0.010589346, -0.15554802, -0.06701108, -0.0011187753, 0.07884706, 0.050830383, 0.005923513, -0.08540175, 0.049325135, 0.07026779, 0.11744217, 0.035463095, -0.07313276, 0.06653563, -0.095062755, -0.10015497, -0.038752098, 0.1034806, 0.042243503, 0.011781002, 0.15376486, -0.05039319, 0.02207362, -0.16610134, -0.009894949, -0.08198976, 0.016445646, 0.04322273
            }, 
            {
                -0.052631915, -0.10118344, -0.023404209, -0.028259555, -0.22437592, -0.09378901, 0.055945925, -0.054692682, 0.06787122, 0.048425276, 0.08671728, -0.07382318, -0.014542741, -0.0908677, -0.034660313, 0.004041846, -0.06023358, -0.028266964, 0.005467542, 0.044352353, 0.106583096, -0.09958497, 0.04498676, -0.030741638, -0.035768297, -0.06521874, 0.00081958063, 0.14050229, -0.050101563, -0.13933164, -0.07673485, -0.038482416
            }, 
            {
                -0.10381439, -0.13664134, -0.09722823, -0.010341214, 0.013338772, 0.0022774453, -0.05268042, 0.04626509, 0.01717362, -0.07354548, -0.03242464, -0.008709508, 0.04633123, -0.08029192, -0.041014727, -0.039643332, 0.15017073, 0.09742685, -0.019890096, 0.0008635533, 0.11248217, -0.019824088, -0.052375205, -0.06299893, 0.13822258, -0.06949576, 0.026674712, 0.061323185, 0.08589801, 0.04857143, 0.051110886, 0.056627072
            }, 
            {
                -0.07721105, -0.04518815, 0.00028349116, -0.10583632, 0.009406031, -0.18108459, 0.05312058, -0.13064608, -0.06988234, -0.13362978, -0.05992756, 0.031181298, -0.02155163, -0.11978016, -0.09179983, -0.07875199, -0.058103126, -0.106240846, 0.09720579, -0.009251152, -0.0131636895, -0.07566168, -0.0012944945, -0.11386919, 0.057410307, 0.11620548, -0.062058073, -0.12634979, 0.07466874, -0.02138384, -0.082302436, -0.1846724
            }, 
            {
                -0.10649534, -0.059337366, -0.11038932, -0.09106221, 0.03207955, -0.05811853, -0.14019959, -0.07830401, -0.053694054, 0.06479786, -0.0791943, -0.052453298, -0.11907828, -0.057809208, 0.09130454, -0.054733254, 0.01031037, 0.022561604, -0.08370162, -0.07839884, -0.08326098, 0.023743734, 0.051841974, -0.006908319, -0.0041513895, -0.026205929, 0.08860437, -0.03787201, -0.009469773, -0.037076894, -0.086496234, 0.0006807868
            }, 
            {
                0.08486164, 0.1079425, -0.01797282, 0.054693278, -0.05334442, 0.057777476, 0.045097902, 0.061954778, -0.060297582, -0.019777995, -0.05306684, -0.0012106525, -0.06890402, -0.0130209755, 0.06848125, -0.15200037, 0.06393026, 0.102666155, 0.088073656, -0.13914403, -0.037494894, 0.06401777, 0.07202177, 0.109875396, 0.039932568, -0.14721586, 0.030855596, -0.04990974, -0.170915, -0.013624785, -0.005791101, 0.07795981
            }, 
            {
                -0.11488183, -0.10597347, -0.051180992, 0.1026416, -0.13715114, 0.015504094, -0.03037711, -0.10399525, -0.04709037, -0.06878706, -0.028231334, 0.021690197, 0.06486353, 0.028987426, -0.0022712005, 0.090666145, -0.05748461, 0.039209187, 0.0152699845, 0.05615019, 0.059817027, 0.04360098, -0.067194186, -0.051155284, -0.090872206, 0.025921166, -0.20408154, -0.09566715, 0.059961736, -0.020366764, 0.08679424, 0.08096689
            }, 
            {
                -0.06762006, -0.0349735, -0.0669679, -0.00043071594, -0.14712852, 0.096561976, -0.0011993074, -0.0059191952, -0.020037962, 0.13899644, 0.112056874, -0.038225036, -0.003491656, -0.032862995, -0.03530695, -0.03780527, -0.15308213, -0.13155408, -0.023614572, -0.020141687, 0.047083385, 0.052400067, 0.019107629, -0.21536458, -0.124415845, -0.054393698, 0.046904653, 0.105624974, -0.17720117, 0.0467015, 0.014513254, 0.07970344
            }, 
            {
                -0.026515784, 0.0057008755, 0.10706952, 0.0123188635, -0.08807912, -0.13251217, -0.056356367, 0.064893514, -0.08867135, 0.0028953534, 0.04552826, -0.09417188, 0.048204396, 0.08135203, -0.08040438, -0.080890946, -0.0718543, -0.09539358, -0.1312366, 0.12587924, 0.06620889, 0.048053805, -0.19262066, -0.012817596, -0.0697289, 0.063169606, -0.09534119, 0.09572854, 0.03456881, -0.020847874, -0.116934575, 0.019015992
            }, 
            {
                -0.018423906, -0.0600388, 0.037463605, -0.014921262, -0.07972498, -0.0006133037, 0.073156275, 0.026954215, 0.14112923, -0.0123515865, 0.061982755, 0.076264694, 0.018651793, -0.12520687, 0.0015452624, -0.050443996, 0.06332294, -0.22394815, 0.059138052, 0.036659587, 0.1710835, -0.05656869, -0.041782662, 0.05229161, -0.03860496, 0.046604633, 0.04502401, 0.026523838, -0.039290737, 0.05436877, 0.04485605, -0.0103099495
            }
        }, 
        {
            {
                0.06248307, -0.071098275, -0.036253907, -0.18342009, 0.1081557, 0.11055004, -0.12865698, -0.0117694875, 0.0822679, 0.12961897, 0.025724635, 0.077770025, -0.16544022, 0.11351432, 0.1167471, -0.11462131, -0.082837336, 0.09625369, -0.2148942, -0.040072314, -0.0040280186, -0.08493648, -0.17054704, -0.17102312, -0.07493762, 0.12549873, 0.16599329, -0.0014540318, -0.06109634, -0.22768389, -0.04583444, -0.061883844
            }, 
            {
                -0.09592571, -0.071848094, 0.08877166, 0.07668707, 0.07684619, -0.010587184, 0.016127184, -0.11435847, 0.0059756455, -0.050521493, 0.08276634, 0.02052636, 0.10089929, 0.08766864, 0.010112168, -0.017693281, -0.006846966, -0.0604314, 0.13752161, -0.10491952, -0.047152508, -0.10656582, 0.03158593, -0.0548442, 0.019191785, -0.05389984, 0.04425642, 0.109229065, 0.05257423, 0.15249187, 0.04354099, 0.0035580965
            }, 
            {
                0.068668224, 0.10292852, -0.050756596, 0.083436295, -0.011118535, -0.025619155, 0.009742073, -0.058038235, 0.09214508, 0.06543506, 0.09152592, -0.006249871, -0.10801711, 0.069518015, 0.18170746, -0.0095229205, -0.047500037, -0.046596833, -0.08574151, -0.03710065, 0.06228218, -0.10129148, -0.22070819, -0.06839262, -0.16860193, -0.08019863, -0.120148115, 0.028171182, -0.11294678, -0.04133265, 0.021372065, 0.115140624
            }, 
            {
                0.07586389, -0.018011937, 0.032128032, 0.03845381, -0.062355176, -0.033592567, -0.033929642, -0.02144119, 0.070717014, -0.1064556, -0.115945175, 0.112619005, -0.029704006, 0.0011905103, 0.080384314, 0.08804335, 0.058970254, 0.007298408, -0.07480047, 0.09234137, 0.04938039, -0.13581596, -0.12658507, -0.04733031, 0.11199035, 0.022077734, -0.13236655, -0.020237746, -0.12062756, 0.039364595, -0.08691726, 0.01409756
            }, 
            {
                -0.03146659, -0.051261656, -0.048531123, -0.13615538, -0.15948531, -0.13676696, -0.1143388, 0.051971707, 0.06510684, 0.01273529, -0.06960201, -0.028482659, -0.23734522, -0.020158263, -0.049753476, -0.11549691, 0.031120086, 0.008844228, 0.012567299, -0.10201, -0.048664827, 0.053288944, -0.19581802, -0.00719331, -0.059090003, -0.027171064, 0.040342927, -0.04511931, -0.0122262165, 0.080277376, -0.0064959377, 0.07308594
            }, 
            {
                0.064953215, -0.123163305, 0.09965409, 0.048671328, 0.045605045, -0.121815495, 0.0645845, 0.08077418, -0.12798603, -0.01277875, -0.009529246, -0.08096938, 0.038833544, -0.18262447, 0.09339452, -0.023191772, 0.01797955, 0.0833593, 0.0588608, 0.053460486, 0.029824222, 0.045102667, -0.121703446, 0.0490261, -0.07857775, -0.0353522, -0.13017176, -0.010480061, 0.012301683, 0.05581576, -0.018287571, -0.047128644
            }, 
            {
                -0.08106468, -0.03812532, -0.005740648, -0.03165327, -0.04798142, -0.06609305, -0.13389719, -0.076630086, -0.1277535, 0.02848004, -0.07204163, 0.032641333, -0.12395683, 0.02471705, -0.01516184, -0.10929378, -0.16275081, -0.12745234, -0.040656928, 0.07621896, 0.026162121, 0.09317545, -0.05191147, 0.10512199, 0.10429137, 0.02467434, -0.07412045, -0.21774518, 0.01763508, 0.022250153, 0.08480562, 0.013103325
            }, 
            {
                -0.08859672, -0.032520704, -0.13236237, -0.1358372, 0.040011935, 0.08093984, -0.087206565, 0.021323577, 0.0057720877, -0.033664722, -0.09732307, -0.093071535, -0.06783665, -0.062338695, -0.013774353, 0.06775494, -0.10868055, 0.07413732, 0.086367734, -0.07047142, -0.056752924, 0.031672675, -0.017083151, 0.005713431, -0.049570758, 0.0691799, 0.13626638, -0.013323595, 0.028106822, 0.101917736, -0.04013573, -0.06563553
            }, 
            {
                -0.039808724, -0.12040498, -0.06891844, -0.066611126, 0.13272496, -0.06927747, 0.12598705, -0.1258347, -0.00782051, 0.17999558, 0.051301133, 3.1281143e-06, 0.050637804, -0.058197707, 0.0068228827, -0.11985271, 0.04861475, 0.049688213, 0.17466229, -0.11296389, -0.058941025, -0.06910856, 0.007348327, 0.17406279, 0.092612416, 0.027770752, -0.14426525, -0.07658023, -0.016104557, 0.02450927, 0.048781585, 0.062011074
            }, 
            {
                0.021870421, -0.0015422859, 0.013907999, 0.013919458, 0.035571672, -0.105050005, -0.010288773, 0.031283204, 0.117370404, 0.119156934, -0.037296753, -0.14254102, -0.05909665, -0.012508757, -0.11621644, -0.07402834, 0.014863528, 0.020665007, -0.037020978, -0.13068217, 0.008211307, 0.09916011, -0.14511828, -0.033290494, -0.029332394, -0.0421473, -0.015834717, 0.008474722, -0.03633199, -0.017692035, -0.16182473, -0.0021756452
            }, 
            {
                -0.053644538, 0.007005562, -0.06903442, -0.13195217, -0.028744193, -0.11091732, -0.072669335, -0.019715505, 0.05490096, 0.061416227, 0.059084672, -0.13684121, -0.221899, 0.10028487, -0.12781963, -0.06891677, 0.10545344, -0.018375192, -0.05216296, 0.08151022, 0.018075576, -0.03362502, -0.0068665612, -0.088432826, -0.10558581, -0.091466315, -0.0027916485, -0.07782837, -0.22143191, -0.12129453, -0.05218902, -0.092195034
            }, 
            {
                0.057243902, 0.073403366, 0.012756785, -0.040410794, 0.09411185, -0.14425659, 0.025784943, -0.053130798, -0.09638105, -0.08035701, -0.05373169, 0.010259788, -0.10434639, 0.07152875, -0.023553452, -0.009811737, 0.06221181, 0.03641716, -0.011827347, 0.036113247, -0.19003643, -0.09668531, -0.08857887, -0.13005862, -0.18450677, 0.059433162, 0.004909543, -0.0446065, -0.092813216, 0.051545054, -0.10974698, 0.013973974
            }, 
            {
                -0.042378847, -0.029130043, -0.05982887, -0.1166429, -0.15863882, -0.110717565, -0.1124243, -0.03565347, -0.07269048, 0.002265451, 0.06685105, 0.044955514, -0.15072732, 0.047329996, 0.035316013, -0.1647814, -0.12863953, -0.06502685, -0.115731485, 0.017284274, -0.029090358, -0.04245234, 0.09976672, 0.0613774, 0.049049824, 0.05609688, -0.06461353, -0.009078986, -0.030180696, -0.083969854, -0.117334075, 0.12543237
            }, 
            {
                -0.038704086, 0.011611325, -0.03485035, -0.0398442, -0.123576775, -0.066257715, 0.044906408, -0.09447429, -0.12746902, -0.07108589, 0.07072863, 0.099721365, -0.05248136, -0.061956488, -0.14030807, -0.06863933, -0.040439762, 0.13363954, 0.021406319, 0.023231868, 0.059174035, -0.10210594, -0.11189042, -0.15272038, -0.101238355, -0.04077013, -0.07122704, 0.011193676, 0.051660467, -0.04357351, 0.073063046, 0.0013502279
            }, 
            {
                0.06439383, 0.009832633, 0.07365848, 0.03647119, 0.017206421, -0.08913224, -0.14152457, -0.050545402, 0.046855483, -0.12996186, -0.12030144, -0.11636535, 0.008360688, -0.07801897, -0.095128015, 0.05221933, -0.094882786, -0.019539425, -0.09975623, 0.010062412, 0.062400658, -0.07897516, -0.04334402, -0.019438593, -0.0941035, 0.07339141, 0.0899686, -0.07152937, -0.01098774, -0.16242369, -0.072623834, 0.017221631
            }, 
            {
                0.038879756, -0.012435544, -0.08050362, -0.05121171, -0.11125059, 0.009924337, 0.0020058095, -0.035427637, -0.09135222, 0.010059531, -0.015070726, -0.086789675, -0.04943758, -0.083954036, -0.15174869, -0.14027025, -0.17000858, -0.0038083976, -0.05518957, 0.08842072, 0.008618332, -0.10231681, -0.063379735, -0.07141928, 0.0535413, 0.050200194, -0.03844932, 0.09450672, -0.035036463, 0.051070888, 0.016757943, -0.0575856
            }
        }
    }, 
    {
        {
            {
                -0.12645912, 0.073060974, -0.17224011, 0.00042853976, 0.020183798, -0.1254396, -0.07460738, -0.03165286, -0.20650321, -0.010452138, -0.08912637, -0.120976515, 0.036041033, -0.1076752, -0.030015707, 0.03793485, 0.0055243387, -0.02164203, -0.11544425, -0.17967413, 0.087497495, -0.12241512, 0.013015213, 0.110379435, -0.10105674, -0.24752973, 0.013493489, -0.009847877, -0.15733944, -0.06211123, 0.07839653, -0.066909835
            }, 
            {
                0.009334532, 0.028524136, -0.05256158, -0.13826844, -0.057363905, 0.00810512, -0.06399344, -0.114839435, 0.03509201, -0.044740558, -0.075198084, -0.042200934, -0.036611404, -0.057400122, -0.073521756, 0.0168434, -0.0040786713, -0.085870326, -0.034133915, -0.03903187, 0.034061212, 0.003950724, -0.035459388, 0.027157461, 0.08604656, 0.04199545, -0.013062466, 0.04164122, -0.026953304, 0.018522253, 0.07933222, 0.0053484887
            }, 
            {
                -0.037181653, -0.14621902, 0.034977984, 0.0038693973, -0.015220404, 0.073297985, 0.009030997, -0.023959287, -0.025186613, -0.12315222, -0.09401908, 0.0475434, 0.04244051, -0.051355723, -0.04924333, 0.054043002, -0.14424837, 0.013723847, 0.01407594, 0.009876872, -0.016794996, 0.009587415, 0.049556397, 0.056131933, -0.0141581185, 0.06494922, -0.0077183703, -0.18471248, -0.031436216, -0.019663824, -0.047720984, -0.0691384
            }, 
            {
                0.027042508, -0.12300257, 0.05587824, 0.043321528, -0.008534331, 0.07986195, -0.05661838, -0.0810408, -0.087347105, 0.05148457, -0.012044808, -0.10376029, -0.109111674, -0.027555013, 0.07046032, 0.09264397, -0.046473343, -0.022303743, 0.08167762, -0.048063, 0.0017792358, 0.07109073, 0.090101704, -0.12618314, 0.020415075, -0.021473113, 0.06759681, -0.017420013, -0.074313454, 0.001255806, 0.09853558, -0.055882674
            }, 
            {
                0.03650255, -0.08254545, 0.0024348376, -0.11010755, 0.13454792, 0.0027944203, -0.12368517, 0.008270005, -0.08524195, 0.078045174, 0.025749493, -0.021945765, -0.07304112, -0.111965425, -0.16345328, -0.1429837, -0.08211136, -0.021609448, -0.12038725, -0.11465429, -0.04431877, -0.12481809, 0.01179611, -0.0070257513, -0.14348054, 0.13275239, -0.09311604, -0.014999718, -0.01169373, 0.06795026, -0.0065497444, 0.10255375
            }, 
            {
                0.035294294, 0.06483864, -0.042862922, 0.099016875, -0.08117522, 0.07486675, -0.14772494, -0.118337765, -0.042753518, 0.0833629, 0.005079559, -0.15022424, -0.013479077, 0.0625892, -0.0062328773, 0.0066284654, 0.036134977, -0.07592967, -0.061200712, -0.07468437, -0.09862291, -0.123586625, 0.07320967, -0.13215601, -0.14614527, -0.091909856, -0.1352762, -0.03129216, -0.018957686, -0.02833889, 0.05042708, 0.08370164
            }, 
            {
                -0.22642699, 0.03681136, -0.008025745, 0.016150972, -0.0786127, -0.0042266585, -0.16386613, -0.14138381, 0.07006821, 0.09746475, 0.05473407, -0.18991269, 0.09080973, -0.10069699, 0.040503215, -0.0027943626, -0.0047994736, -0.14169882, -0.027530404, -0.059318293, -0.008534415, -0.05257149, 0.028428229, 0.0021303038, 0.088622555, 0.0911916, -0.045559794, -0.14274797, -0.07764876, -0.03238616, 0.0043507954, 0.13446632
            }, 
            {
                0.053006228, -0.10584911, 0.07581037, -0.06743116, 0.06475348, -0.069382094, -0.038778502, -0.030045541, 0.028526166, -0.1030074, -0.026463611, 0.10485687, 0.008117921, -0.03558959, 0.014033957, 0.043289714, 0.035219282, -0.039490532, 0.05701923, -0.02896096, -0.03978199, -0.09610556, 0.06407123, -0.19374754, 0.10360638, 0.08927336, -0.13342178, -0.12635586, 0.040708125, -0.00022623895, 0.052195843, -0.1001674
            }, 
            {
                -0.013734332, -0.0300256, 0.032219674, -0.09230204, 0.031118754, 0.07867909, -0.12091337, 0.057177447, 0.13467069, 0.08907924, 0.06645541, -0.021375071, -0.028332992, 0.0035195223, -0.030283524, 0.06326002, -0.018902102, 0.005253387, 0.07250471, -0.060651757, -0.013485846, 0.06306306, -0.034921188, -0.13261428, -0.10486459, -0.06582163, 0.06685397, 0.09539212, -0.14444493, 0.069565706, 0.08940762, 0.07338651
            }, 
            {
                -0.08293586, -0.03214538, 0.08842585, 0.04859494, -0.02361971, -0.04622485, 0.0101545965, 0.047037788, -0.13720518, -0.005266029, -0.04692652, -0.028487878, 0.020375276, -0.12979068, -0.010898543, -0.08499698, -0.023306498, 0.0037643628, -0.15064494, 0.05107334, 0.017232025, -0.013592099, -0.054454878, -0.046397377, 0.026258606, -0.04034778, -0.1351829, -0.12568966, -0.10260957, -0.07887937, 0.06516389, -0.042575307
            }, 
            {
                0.0037497387, -0.07391038, 0.0054546623, -0.10175448, -0.12210344, -0.14420338, -0.08483764, -0.030228695, -0.0552535, -0.035464242, -0.03479258, 0.103256874, 0.0037891637, 0.041528773, 0.083952874, -0.0537142, 0.011644899, -0.10435092, -0.054796606, -0.008657668, 0.05680064, -0.18105868, 0.016523667, -0.082481354, -0.018895106, 0.022062697, 0.012612091, -0.0940322, -0.06596853, -0.08342885, -0.026112223, 0.014279064
            }, 
            {
                -0.04692709, 0.05255721, -0.074827604, -0.021119837, -0.02002183, -0.08021271, 0.04104138, 0.09926023, -0.15478542, -0.059025068, -0.010178475, -0.017767116, -0.09688042, 0.01560771, 0.100525916, 0.026351366, -0.033789214, 0.04396743, 0.094653726, 0.027173791, -0.07040453, -0.0010211797, -0.047004152, -0.06628563, 0.026513435, 0.06766836, -0.007658646, -0.04353471, -0.13720308, 0.016635234, -0.03233615, -0.038204536
            }, 
            {
                -0.11010287, 0.08923681, -0.11259761, -0.00792759, -0.04340474, -0.051720385, 0.033195764, -0.17299666, -0.04156948, -0.0029515936, -0.06332134, -0.048482038, 0.07245858, -0.12134967, 0.044337377, 0.041560918, 0.0020894492, -0.035692777, 0.051975265, -0.15990879, 0.005584147, -0.084026836, 0.010835509, -0.020934777, -0.03684353, -0.15678775, -0.010005929, -0.01870351, -0.06886324, -0.017464895, -0.11663504, -0.03814974
            }, 
            {
                0.049153876, -0.09126622, -0.05664316, -0.003952168, -0.005637364, -0.030977186, -0.13804245, -0.07525133, 0.0035275538, -0.11377195, -0.014616998, -0.0016745377, -0.081318334, -0.10712894, -0.11624542, -0.04740022, 0.08501716, -0.16347235, 0.03572894, 0.01305524, 0.05549542, -0.003571016, -0.0028631554, -0.15166405, -0.009120525, -0.13942711, 0.03980916, -0.0134413, -0.22490376, 0.004389671, 0.04894405, 0.00010989887
            }, 
            {
                0.037111312, -0.032050528, -0.15954651, -0.04410989, 0.013404627, -0.09834793, 0.060812425, -0.07119626, 0.09211077, -0.006666404, -0.12118269, -0.16453373, -0.01547578, -0.028686773, 0.041038834, 0.099139504, -0.057738714, 0.046929788, 0.07008922, -0.06552448, 0.07053446, -0.058894426, -0.013288, 0.06599336, -0.016511802, 0.023125108, -0.102728, -0.04128994, -0.07927574, -0.022488082, 0.021312738, 0.079253204
            }, 
            {
                0.06421059, 0.03476351, -0.036437895, -0.02064412, 0.04564223, -0.08603811, -0.029107174, -0.09853811, 0.028861238, 0.0805957, -0.00015913785, 0.062035847, -0.070333734, 0.09554154, -0.023319453, 0.060382944, 0.06598565, -0.21641077, 0.052683253, -0.030358925, -0.015836619, 0.05122069, -0.07338379, -0.09882893, 0.021331122, 0.030315131, -0.08995715, -0.09911275, -0.09046451, 0.0020753406, 0.047554627, 0.030683517
            }
        }, 
        {
            {
                -0.07296307, 0.020360272, -0.20519169, 0.0031982514, 0.1416904, 0.11242863, 0.032957334, 0.11160272, 0.05627804, -0.28631452, -0.18443453, 0.005577609, -0.038095113, 0.0037788649, 0.014439389, -0.10314061, -0.19042632, -0.10826524, -0.16995537, -0.12836733, -0.08101545, -0.06565899, -0.005842527, -0.029064352, -0.062387586, -0.0714112, -0.05028056, 0.04479099, -0.100560226, -0.0070485403, 0.062567934, -0.0007363219
            }, 
            {
                0.024613213, -0.17557399, 0.083840676, 0.07487526, -0.023639027, 0.04986173, -0.030478867, -0.020492956, -0.06604837, -0.005513577, -0.1332752, 0.047765844, -0.11873148, 0.03353279, -0.1271027, -0.1088028, 0.045657016, -0.037713874, -0.07920209, 0.103961565, -0.1375138, -0.032094523, 0.056467082, -0.0026748225, 0.09755219, -0.027074942, 0.08363652, 0.018176166, -0.02986239, 0.045751885, -0.05503048, -0.024518687
            }, 
            {
                -0.04501865, -0.16606775, -0.15055603, -0.09535474, -0.019453367, -0.014035673, -0.1151515, 0.01943893, -0.027481087, -0.1632478, -0.08548913, -0.14616261, -0.030633273, -0.0114058545, 0.045597073, -0.022855675, -0.011493778, -0.08161285, -0.06908614, 0.080739066, -0.06733785, 0.029109009, 0.05198014, 0.018053938, -0.17017618, -0.06893785, -0.0016058896, 0.014542753, -0.12090142, -0.0015184154, -0.10694261, -0.05122934
            }, 
            {
                0.10713209, -0.08623448, -0.12912431, 0.074340716, 0.0515421, -0.027767232, 0.11110188, -0.011135115, -0.017910603, 0.10019616, -0.0010490073, 0.028835503, -0.06071232, -0.010608234, -0.100292355, 0.017476352, -0.1277133, -0.08622381, -0.049648292, -0.08757517, -0.0051488015, -0.053410556, -0.09249964, 0.07042948, 0.027137956, -0.05458361, -0.07012415, -0.02319697, -0.10500174, 0.046630345, 0.03460358, 0.017259743
            }, 
            {
                0.008251402, -0.10554574, 0.1626984, 0.021039983, -0.09437147, -0.0459543, 0.10269732, -0.009834131, 0.07012808, -0.062475655, 0.014898917, -0.06613669, 0.09090162, -0.023019018, 9.4156465e-05, -0.049463477, 0.031740844, -0.16838863, -0.05774071, -0.08751427, 0.07297748, 0.012151912, -0.031611267, -0.14732, -0.055720996, -0.050394934, -0.15660432, 0.085981525, 0.124315694, -0.057758637, -2.2886088e-05, -0.02747906
            }, 
            {
                0.06558649, -0.027404878, 0.03089379, 0.098809734, 0.020492498, 0.019966036, 0.047283996, 0.04493341, 0.05074358, -0.07797705, 0.013601154, -0.06239573, 0.036206808, 0.025487382, -0.13629955, 0.073027775, 0.056206096, 0.08506065, -0.092141405, -0.06419418, 0.065818444, -0.026585389, -0.068271875, -0.09898953, 0.026433218, 0.0658129, -0.058184832, 0.001840533, 0.06281337, -0.056743596, 0.063086405, 0.037811637
            }, 
            {
                0.005488551, -0.036717318, 0.068886794, -0.02812282, -0.10347621, 0.012511991, 0.065934315, -0.12626173, -0.05332492, -0.057058286, 0.06849829, -0.1419809, -0.06927576, -0.04605279, 0.120517924, -0.06710579, -0.040792827, -0.12084838, -0.009139949, -0.0150686, -0.058606543, -0.17721999, -0.09071003, -0.22828747, -0.071335085, 0.08601056, 0.028764453, -0.083534464, -0.007328715, 0.09286439, -0.14457186, 0.039533578
            }, 
            {
                -0.11092442, -0.030642428, -0.07316954, -0.06642942, -0.17568696, -0.12106486, -0.059559256, -0.14318877, 0.08926762, -0.0047915042, -0.14499128, 0.090074755, 0.057094876, -0.0750553, 0.08336772, 0.04244622, 0.090080634, 0.0149882585, 0.043748215, 0.093450174, -0.0640765, -0.005798507, -0.11292752, -0.08615655, 0.030439425, 0.037509736, -0.012284508, -0.05044538, 0.059934586, 0.043313827, -0.009763106, -0.024200954
            }, 
            {
                -0.03516177, 0.12088371, 0.02076916, -0.002670905, -0.04008969, -0.11671649, -0.0582438, -0.116729334, 0.01541588, 0.08580375, -0.108582415, -0.076030865, -0.033085786, -0.078839004, 0.026338497, 0.10259041, 0.062358532, -0.08026684, 0.0067131286, 0.013008537, 0.06842906, 0.006399586, 0.14198591, 0.16563834, -0.0037573874, -0.009767601, 0.015841344, 0.033560988, -0.10785284, -0.0675228, -0.11305589, -0.024444653
            }, 
            {
                -0.078763954, -0.06644294, 0.00435685, -0.00255367, 0.05116783, -0.056976773, 0.048586678, -0.041039445, -0.02193316, -0.006348041, -0.025311727, 0.06598718, 0.11069188, -0.073544905, 0.054087248, -0.072111025, -0.059717584, -0.02045178, 0.06082254, 0.0032379727, -0.14253433, 0.10309772, -0.029299838, 0.016538026, -0.038424537, -0.064409174, -0.16263393, -0.029370055, -0.044741817, -0.07946991, 0.039731417, 0.047738746
            }, 
            {
                -0.10489546, 0.03145656, 0.025371602, 0.05214207, 0.10883778, -0.011003159, -0.081794806, -0.0011349991, -0.09160563, 0.037465066, -0.03829332, -0.118897334, -0.000121722, 0.059158415, 0.12694533, -0.0803535, -0.050104495, -0.13957536, 0.0018935597, -0.07531318, -0.11525083, -0.08081845, -0.021122592, 0.051169973, 0.06301014, -0.07746942, -0.014649797, -0.07058224, -0.1426655, -0.005803125, -0.10668052, -0.017051114
            }, 
            {
                -0.14355044, -0.079281986, -0.059876047, -0.12080744, -0.04607648, 0.015942104, -0.07963464, 0.0136529235, 0.011345193, -0.017377878, 0.023620375, -0.116778456, 0.057722524, -0.093158975, 0.070021935, -0.06622261, 0.07336056, -0.17690335, -0.10012365, 0.03768074, -0.0040444005, -0.08146918, 0.016267855, -0.013484103, 0.025999388, 0.062067904, 0.04737382, -0.030478822, -0.054555103, 0.015158268, -0.08255373, -0.027002482
            }, 
            {
                -0.0026124788, -0.0010589911, 0.07582158, -0.06843868, -0.07650574, -0.10176889, 0.08160662, -0.15814531, -0.07782121, -0.103365846, 0.0597744, 0.063396655, 0.050806325, 0.028410379, -0.063464925, -0.119012296, 0.0050131786, 0.026702413, 0.107075214, 0.03595787, -0.034562476, -0.10288104, 0.044624828, -0.20657465, 0.06788895, 0.062017933, -0.11839919, 0.016035223, 0.16969725, -0.074556865, -0.027915671, 0.08697578
            }, 
            {
                0.0018124038, 0.0399026, -0.06746591, -0.040910833, -0.19316152, 0.04129923, -0.096446045, -0.16198969, 0.06549962, -0.06559918, 0.009957664, -0.15320987, -0.017060732, 0.011697376, -0.07228844, -0.013182095, -0.11322926, -0.09556666, 0.049717974, -0.117424704, -0.05186679, -0.15161045, -0.13255161, -0.04990381, 0.030860007, 0.018713066, 0.030727921, 0.10403318, 0.067991585, 0.03514619, -0.031558428, -0.04143339
            }, 
            {
                -0.026629906, 0.039261114, -0.061554346, 0.083820574, 0.09188104, -0.066856675, 0.059360668, -0.027943613, 0.15513967, -0.07582008, -0.11114269, -0.033485506, 0.09087974, 0.05660992, -0.013742383, -0.003812139, -0.005551974, -0.072215825, 0.013348127, -0.10186328, -0.11705848, 0.044129334, -0.0913957, 0.034981433, -0.119474046, -0.14660221, -0.11236937, -0.110092476, -0.030833928, -0.019513704, -0.12601243, 0.064679466
            }, 
            {
                -0.10700759, -0.002367148, -0.057338174, 0.0971315, -0.017135236, -0.1116781, 0.03769724, -0.073289715, 0.2196527, 0.02715065, -0.063207194, 0.010307987, 0.03015841, 0.03942305, -0.09721358, 0.026247418, -0.021872416, 0.022054449, -0.045848463, -0.05611955, -0.0043114163, -0.030373806, -0.15266381, -0.1501811, 0.13419355, 0.06556742, 0.08955706, -0.06361279, 0.07794457, 0.07604508, -0.0075484747, -0.044339195
            }
        }, 
        {
            {
                0.004805869, 0.017413337, 0.015755314, -0.020115837, 0.14733796, 0.011457776, -0.19718559, 0.038944945, 0.0053119133, 0.008988128, -0.24893574, -0.05609282, -0.016292008, -0.06411107, 0.07512656, -0.1092005, 0.046987034, 0.070498005, -0.22119704, -0.009843406, 0.009926151, 0.034386262, -0.119708955, 0.02664721, -0.009920607, -0.08834958, -0.017283045, 0.1041659, -0.0281806, 0.07902329, 0.016777763, 0.041610815
            }, 
            {
                0.080215104, -0.08850239, 0.045945402, -0.16056576, 0.06880398, -0.08247312, -0.06492663, -0.11508388, -0.02915064, -0.051990557, -0.0507652, -0.05521999, 0.03867925, 0.09858115, -0.15191215, 0.042814285, -0.050457023, 0.06748761, 0.017166683, -0.031048497, -0.049765635, 0.08568441, -0.0500731, -0.0046080234, 0.09102253, -0.04952487, -0.02589268, -0.05702947, -0.1374851, 0.031944305, 0.08428485, -0.053749263
            }, 
            {
                0.035868566, 0.02602529, -0.015546033, -0.01755216, 0.05097828, -0.062207654, -0.039307818, -0.0324098, 0.028470788, -0.058064803, -0.06726783, 0.011227251, 0.026034096, 0.013827662, 0.061768647, -0.04602279, 0.00914956, 0.013386187, -0.25104573, -0.020551383, -0.10163741, 0.04785595, -0.13014852, 0.025936976, 0.052766483, 0.006076269, 0.02754283, 0.04358776, -0.013030166, -0.035465896, -0.09032213, 0.13485472
            }, 
            {
                -0.075800166, -0.08512014, -0.05061193, 0.013748348, -0.03200182, 0.06416397, -0.08686085, -0.020709414, 0.11868466, 0.05861956, 0.06421779, -0.107872605, -0.008012645, 0.094555035, 0.08700885, -0.07129213, -0.0106463535, -0.040916968, 0.0034854547, -0.04472147, -0.022349967, 0.04417822, 0.0106457835, -0.010543924, -0.06978982, 0.06812683, 0.019656004, -0.091834724, 0.028484063, 0.076092035, -0.02761781, 0.07342321
            }, 
            {
                -0.015426694, -0.060352974, -0.015375755, -0.0064660353, -0.15666683, -0.12260932, 0.04291838, 0.015554063, -0.007875348, -0.17529169, -0.028694691, 0.033943444, -0.12392268, 0.10210768, 0.07977816, -0.002718318, -0.0030430485, -0.10137505, 0.031951655, 0.07443953, 0.10454402, 0.093167886, -0.04173783, 0.020092867, -0.019371295, 0.07232658, -0.052134123, -0.020661129, -0.15313002, -0.081984326, -0.10062995, -0.07749427
            }, 
            {
                0.071622066, -0.033112817, 0.007890533, -0.0025853177, -0.035938192, -0.08351134, -0.075082906, -0.06908238, 0.060620073, 0.020644344, -0.10596559, -0.13544777, -0.089402504, -0.06892556, -0.10296744, -0.031546883, -0.13501962, -0.017658342, 0.026095146, 0.043208472, -0.09054606, -0.06001487, -0.094073206, -0.13254203, 0.09935032, 0.005101052, -0.12133016, -0.074793436, -0.08765175, -0.031397033, -0.14250068, 0.102295935
            }, 
            {
                -0.09410981, 0.017726261, -0.21483625, 0.039185803, -0.08090115, -0.13237779, -0.12219862, -0.0013012761, -0.12221037, 0.03390121, 0.048369195, -0.07490105, -0.08877946, 0.038479723, -0.016820222, 0.08248796, -0.09004419, -0.08333057, 0.024989411, 0.05206654, 0.030758478, -0.11136074, -0.071774274, 0.069200754, 0.08914957, 0.12269131, 0.14537561, -0.13988988, 0.12129419, -0.002780777, -0.007010185, -0.07843063
            }, 
            {
                0.034984127, 0.07831935, 0.01898613, 0.012094078, 0.012215664, -0.051604085, -0.07521788, -0.082412384, -0.018722871, 0.035375997, 0.06854351, -0.018357962, -0.0044846856, 0.05249391, -0.016013168, -0.094051115, 0.02121845, -0.13527331, -0.12880936, -0.020795861, -0.09500658, 0.03994671, -0.16392453, 0.032591876, -0.09498378, 0.069771774, -0.028062366, -0.09388813, 0.030495996, -0.016067687, -0.101321444, -0.057764385
            }, 
            {
                0.13742594, 0.07674519, -0.12184905, -0.00046700408, 0.097774014, -0.043457862, 0.14947061, 0.03451981, -0.009248681, 0.026292076, -0.007094135, -0.043094162, -0.06749502, 0.1329809, 0.049961563, 0.028506558, 0.122430496, 0.073319465, -0.10480263, 0.12389673, -0.031818137, -0.097524494, 0.046794385, 0.03585864, 0.06659508, 0.026450967, 0.047540676, 0.014980344, 0.07974533, -0.015689194, -0.058379885, -0.06499673
            }, 
            {
                -0.09823016, -0.13057199, 0.07016947, -0.14253844, 0.018028717, -0.06903013, 0.011147773, -0.053890087, -0.008999658, 0.022723371, -0.042072028, -0.10473631, -0.10493455, -0.1852733, -0.15878527, -0.024250345, -0.10579201, 0.025387205, 0.02606645, -0.07256701, -0.0893446, -0.048348, -0.0048409984, -0.06802361, -0.11339752, -0.12719227, -0.051578034, -0.027716693, -0.085430466, -0.05675395, 0.01017581, -0.005939165
            }, 
            {
                -0.013038383, 0.051676273, -0.07408086, -0.0613143, -0.022155138, -0.10449951, -0.09544022, 0.0088520115, 0.031098496, 0.060030308, 0.023901785, -0.0031748621, -0.10434409, 0.008104575, 0.016390301, -0.09570587, -0.06805939, -0.009122447, 0.08589285, -0.084167294, -0.07840413, -0.056230113, -0.1007658, 0.05667732, -0.031616945, -0.018744064, -0.0022711488, -0.042901445, -0.049669866, 0.046128448, 0.07758621, -0.058912043
            }, 
            {
                -0.020517249, 0.091686405, -0.031415336, -0.0134389615, -0.041197114, 0.06022633, 0.041800223, -0.04856377, 0.054325603, 0.03122514, -0.13233732, -0.022905704, 0.04044911, -0.10320439, 0.0073550367, -0.10177026, 0.0776919, -0.1893583, 0.011401318, 0.032718297, 0.015278369, 0.052930597, -0.056626104, 0.13173082, 0.07722087, -0.0419222, 0.05923033, 0.022960234, -0.11144793, 0.014685582, -0.08358014, -0.091270134
            }, 
            {
                -0.0016198253, -0.06712611, -0.06596381, -0.023383401, -0.014322934, 0.016314557, -0.09130001, 0.013182671, -0.009676897, -0.10742645, 0.013632219, -0.024660079, -0.14991002, -0.068612546, -0.028007118, -0.079312496, -0.039469123, 0.04552298, 0.0013842935, -0.07573406, -0.118695214, 0.07687726, -0.17590863, -0.16810314, -0.046065625, 0.1273039, 0.008823307, -0.047941316, 0.104883075, -0.15255961, 0.016878577, -0.079839416
            }, 
            {
                -0.07968202, -0.090899445, -0.053073224, 0.0378821, -0.04537706, -0.019693652, 0.0853439, 0.038484942, -0.079862006, 0.06640945, -0.012766585, 0.03790228, 0.101323694, 0.12097152, -0.12769887, -0.094590925, -0.13878351, 0.1153891, 0.021153275, -0.02052182, -0.15522987, -0.09165931, -0.13114807, 0.071736544, -0.0061407005, -0.007194483, 0.028326236, 0.008693992, -0.0050443932, -0.07043823, -0.10596506, 0.022094838
            }, 
            {
                -0.0288542, -0.03604114, -0.08533195, -0.048077155, 0.074867755, -0.07912701, 0.05379792, -0.034694947, 0.040783152, -0.010746251, 0.015305775, -0.065374486, -0.012108272, -0.03839345, 0.040109508, 0.054261602, 0.072113335, 0.021985145, 0.06668614, 0.08940258, -0.0412521, 0.08887294, -0.21229213, -0.16118623, 0.014225491, 0.09291014, -0.01881955, -0.01696346, -0.15341024, -0.04928003, -0.0575361, 0.043223612
            }, 
            {
                0.03779303, -0.08853505, -0.07115425, -0.1375093, -0.09163289, -0.037406497, 0.0012827613, -0.14867379, -0.07525769, -0.01650409, -0.02861596, -0.0698711, 0.032336302, -0.004689637, -0.042480208, -0.04389739, -0.008758779, -0.025610456, 0.07801284, -0.008378113, -0.060535662, 0.070781596, -0.05020593, 0.06982797, -0.09227311, 0.022437133, 0.12332368, 0.008790309, -0.06394259, -0.037987746, 0.04004351, -0.07970907
            }
        }
    }, 
    {
        {
            {
                -0.08921358, 0.00050105713, 0.058234006, 0.018451484, 0.03378131, 0.121406235, 0.020516913, 0.05787056, -0.01810433, -0.04012826, 0.037027437, 0.021264682, -0.07317226, -0.077926606, 0.056668125, -0.07412547, -0.18687245, 0.08590052, -0.07663731, -0.044747688, -0.07859832, -0.061052203, 0.13283283, 0.038230788, 0.1439947, 0.057847798, 0.027428642, -0.07888021, -0.029837307, 0.124597006, -0.04341452, -0.039660893
            }, 
            {
                0.0017334803, -0.03281218, -0.024445066, -0.03083076, 0.013180899, 0.0263797, 0.117442824, -0.15129432, 0.054124102, 0.09770534, 0.041220244, -0.10441055, 0.060605478, 0.070352726, 0.008121136, -0.09437759, -0.11661239, -0.06905179, 0.076671556, -0.06197908, 0.011047581, -0.033039782, -0.0917423, -0.08314221, -0.17714733, -0.034726832, -0.18064559, 0.037014116, 0.16067375, -0.05174938, -0.14872955, -0.01669379
            }, 
            {
                -0.10011111, -0.05029431, -0.13622373, 0.037905954, 0.11814326, 0.059689175, -0.00561316, -0.0008861104, 0.07932615, -0.10967651, -0.11891738, -0.005704042, 0.12333312, -0.0028457607, -0.1516979, 0.07524335, 0.02267357, -0.08437951, 0.041313395, -0.0046274145, -0.0499699, 0.10814837, 0.121970326, 0.08249211, -0.034784745, -0.039011102, 0.043858793, 0.049630594, 0.14516656, -0.006229624, -0.049655102, -0.030102504
            }, 
            {
                0.036929846, -0.010048599, -0.046938285, 0.045473885, 0.07591947, -0.058742236, 0.066466875, 0.0014373586, -0.088473186, -0.02893107, -0.06629421, 0.022785474, -0.011952993, 0.015355759, -0.004391101, -0.11520552, 0.0038018462, -0.016579298, -0.08690723, -0.0043940376, -0.040953536, -0.09741504, -0.054497626, 0.0593362, 0.0049120192, -0.10868076, -0.048659004, 0.06972695, 0.11766399, 0.050022617, 0.09705632, -0.059606098
            }, 
            {
                0.05180039, -0.026566, -0.11916267, 0.10381812, 0.07437592, 0.09891866, -0.08108151, -0.17674103, -0.14064975, -0.017255086, 0.005976135, -0.111568674, -0.056228217, -0.12391619, 0.051259026, -0.05382023, -0.023659365, 0.012743476, -0.16652353, -0.025552003, 0.06242978, -0.05511152, 0.13487701, -0.0884563, 0.053755645, -0.03364549, -0.047064472, -0.123374104, 0.03940893, -0.15201448, -0.15994248, -0.16999036
            }, 
            {
                0.036500555, -0.024230935, -0.03268192, 0.068340234, -0.022966035, 0.06204641, 0.033568762, -0.04007081, 2.1481923e-05, 0.015221606, 0.048246562, -0.096674815, 0.005973033, 0.018525623, 0.060527638, 0.008550094, -0.1311011, -0.025237164, -0.012143174, -0.0304086, 0.06073419, -0.010922254, -0.08177313, 0.0025120997, 0.08170482, -0.08970245, -0.03045974, 0.080582164, -0.060758743, -0.016670404, -0.106403306, -0.16582423
            }, 
            {
                -0.116216965, 0.13809274, -0.15594791, -0.0015120344, -0.04669489, -4.3089673e-05, -0.0611784, -0.06308154, 0.05700067, 0.022299431, 0.092990145, -0.08448197, -0.031365715, -0.061557576, -0.014452611, -0.15696685, -0.06471759, -0.1930034, 0.10616741, -0.09440494, 0.0029303082, 0.08201892, -0.01431209, -0.05633386, -0.11144766, -0.07993361, 0.11085315, -0.13675143, -0.10931389, -0.057662047, -0.08796568, 0.12962781
            }, 
            {
                0.002547131, -0.109381944, 0.076034375, -0.0027824969, -0.12541023, -0.14536813, -0.058134243, 0.019966979, 0.13849309, 0.007577602, -0.08292388, 0.044837236, -0.058623135, -0.07078702, -0.050694767, -0.07976263, -0.04304719, -0.013766901, 0.08605729, 0.07467535, -0.06575493, -0.087472126, -0.005391508, 0.025616847, -0.027483435, -0.09605774, -0.09457766, 0.015535739, 0.045960214, 0.05778184, -0.11439161, 0.034484077
            }, 
            {
                0.00572275, -0.0025743833, -0.11730109, -0.032100435, -0.052403174, -0.081528455, -0.15279868, -0.07413491, 0.09291773, -0.009339784, 0.07197704, -0.08046402, 0.033466347, -0.08184125, -0.06703645, -0.09687929, 0.08686616, 0.0100331, 0.12982237, -0.088957295, -0.14155202, 0.0614147, -0.064571746, 0.1287588, -0.1316193, -0.229166, 0.09772599, -0.008362845, -0.16012976, 0.06923666, -0.023431962, -0.1275265
            }, 
            {
                -0.12706503, -0.057664037, 0.019508595, -0.105436966, 0.09128846, -0.13035896, -0.08589188, -0.0022541513, -0.1607061, 0.045605123, 0.021328479, -0.11494321, -0.056218565, 0.010643372, -0.07932313, -0.072435066, -0.05466513, -0.021964839, 0.012735871, -0.08758422, -0.19207771, -0.004857914, -0.025411284, 0.010751687, -0.1284564, -0.09744872, -0.044155594, 0.09902777, 0.06385036, -0.046740875, 0.008915308, -0.0470723
            }, 
            {
                -0.048810948, 0.0603848, 0.112374015, -0.049193423, -0.084474675, -0.060131095, -0.058263395, 0.03175914, -0.0110468995, -0.026576241, -0.13692883, 0.102437764, -0.16078174, -0.035122972, 0.061946485, -0.05019305, 0.076403916, -0.08384855, 0.0043924684, -0.0969412, -0.12247366, -0.04704685, -0.07638026, 0.08566278, -0.060720686, 0.046227716, 0.0962033, -0.19161391, -0.006828004, 0.021991054, -0.08618994, 0.032477554
            }, 
            {
                0.047431536, -0.053986806, 0.039638825, -0.14703545, 0.03285423, -0.13996524, -0.08421973, -0.067293264, -0.06323632, -0.0248188, -0.028643109, -0.071184814, -0.13922289, -0.028473627, 0.0047575957, -0.056706183, -0.02609179, -0.17985559, -0.13920484, -0.050233692, -0.054700695, -0.1071473, -0.0020197527, 0.015920352, -0.10311579, 0.098032, 0.12588356, -0.153722, 0.19494, -0.1139017, -0.06595624, 0.01695526
            }, 
            {
                0.06894004, -0.014749423, -0.09866636, 0.00075465156, -0.07733071, 0.054005016, -0.054299988, -0.0252199, 0.10374532, 0.015361214, 0.015721958, -0.07262205, 0.024295188, 0.018862765, 0.067734, 0.00695862, -0.1047123, 0.031749513, -0.09364188, 0.046224605, 0.04864947, -0.11581764, -0.14664699, 0.018508961, -0.058149453, -0.08893715, 0.0025072817, -0.08782256, -0.13909702, -0.09148317, 0.00797076, 0.017664492
            }, 
            {
                0.032461945, 0.0044127936, -0.09382193, -0.022539875, -0.0824579, 0.06610943, 0.009118796, -0.10874263, 0.034676127, 0.019688895, 0.045256805, 0.099212945, -0.043055546, 0.02740933, 0.02701652, 0.06054934, 0.039742347, -0.03984671, -0.06483723, 0.04205363, 0.044886883, -0.07333043, -0.12848337, 0.034844335, 0.051780365, -0.064341195, -0.114232495, 0.024811719, 0.099191226, -0.037284173, 0.082237124, -0.046215437
            }, 
            {
                -0.09838891, -0.08307297, -0.10333753, -0.00010381664, 0.07623901, -0.0841201, -0.02648672, 0.05387935, 0.022071965, -0.024269115, -0.13801917, -0.06425806, -0.06889409, -0.028523019, 0.063391306, -0.09680872, -0.1435941, 0.10934476, 0.0120482, 0.056559563, 0.027349161, 0.008275545, 0.08827668, 0.031427946, -0.06055535, -0.071873665, 0.04171029, -0.0657687, -0.0068325205, 0.04454698, -0.004457111, 0.011472744
            }, 
            {
                -0.10764924, 0.07530644, -0.052230034, 0.09182716, -0.1777206, -0.14237653, -0.058610804, 0.041386344, 0.15070772, -0.052505065, -0.04095671, 0.08323033, 0.0952726, 0.027199738, 0.06476907, 0.12086216, 0.040593565, -0.04718914, -0.0063401074, -0.039286457, 0.0042648762, -0.032490756, 0.044398863, -0.05522473, -0.108763784, -0.08814395, -0.002493164, 0.049895763, -0.1238572, 0.012539723, 0.021275695, -0.041385997
            }
        }, 
        {
            {
                0.023160823, -0.1032918, 0.09125128, 0.10091364, 0.039740346, 0.08454121, -0.1478931, 0.078678444, -0.02135411, -0.12699221, -0.032896586, -0.075544454, 0.013676488, -0.1732152, -0.08879914, 0.045984242, -0.08493022, -0.019050632, 0.031966127, -0.10605401, 0.03600898, -0.09843171, -0.08028878, -0.025198199, 0.03494302, 0.065614045, -0.002191945, -0.0028494024, 0.15174156, -0.034913298, -0.05855501, -0.016129835
            }, 
            {
                0.0152943935, -0.050838694, 0.04082402, 0.03768595, 0.04769531, -0.037190955, 0.029583791, 0.08874336, 0.18707299, 0.12538263, 0.030239243, -0.09593401, -0.020517718, -0.059163224, -0.16009146, 0.031696707, -0.031041812, -0.0370785, 0.15202196, -0.08595058, -0.03387471, -0.12795682, 0.054803412, 0.13659346, -0.06993071, 0.03101504, 0.012978413, -0.06180436, 0.08356317, 0.12329186, -0.061354443, -0.0024216564
            }, 
            {
                -0.114957355, -0.0607644, 0.021007486, -0.05523627, -0.071783945, -0.05606517, -0.098176345, -0.1109628, 0.015450168, -0.28140697, -0.20277633, -0.084860764, -0.120801196, -0.15261109, -0.12849158, 0.04964419, 0.023963327, -0.0686378, -0.06049798, 0.06448633, 0.061538883, 0.017654225, 0.010763606, -0.12257271, -0.08578186, -0.091228984, 0.08712164, -0.0946744, -0.020931618, -0.022032943, 0.0069023483, -0.057062853
            }, 
            {
                0.09131809, 0.09522137, -0.008132968, 0.025156248, 0.07657462, -0.081098706, -0.06828735, -0.035332147, -0.120584585, 0.003747692, 0.13329305, -0.09575918, 0.0869605, -0.101101846, -0.07503274, -0.07529166, -0.016430747, -0.078784436, -0.089838535, 0.02663983, -0.13028803, -0.07327871, 0.0025938891, 0.08721838, 0.023991449, -0.055532116, -0.045773067, -0.020880066, -0.13992229, 0.058270216, 0.07238324, 0.029613715
            }, 
            {
                0.028470289, 0.048577007, -0.13787095, -0.036572754, -0.08766619, -0.017559044, 0.016205627, -0.072837286, -0.06347102, -0.089144, 0.0064097927, -0.050702102, -0.048953973, -0.03916171, -0.035823286, -0.04991959, 0.006143339, 0.13410942, 0.043194667, 0.0050893617, -0.06334769, -0.0010548793, -0.04317835, -0.009888965, -0.0792079, -0.18698813, 0.04964697, 0.08036697, -0.08674322, -0.060024314, 0.030694846, 0.03998328
            }, 
            {
                0.0328651, 0.09245349, -0.032446563, 0.035793945, -0.0037695505, -0.011758222, 0.062343214, -0.08633234, -0.12795071, 0.020702979, -0.018100545, -0.08302174, -0.06940864, 0.06495286, 0.038184967, -0.006070332, 0.017977417, -0.022446236, -0.11487754, -0.014699289, -0.06974542, -0.029940216, -0.07685122, 0.062470276, -0.13534898, -0.11179912, -0.025392378, 0.033808418, -0.10576992, -0.096102364, -0.08759378, -0.10911473
            }, 
            {
                0.058011945, -0.029865516, -0.10882007, -0.08187251, -0.13519526, -0.028483586, -0.045852985, -0.10889497, -0.054260194, -0.028672133, 0.08821937, 0.04526637, -0.053137287, -0.03590847, -0.022503879, 0.05665403, -0.050922573, -0.037104707, 0.020633558, -0.08998949, 0.11118956, -0.033456307, 0.015869161, -0.026489966, -0.118857965, 0.1401764, 0.047362246, -0.048547942, 0.04612998, -0.049805734, -0.09507521, -0.032697093
            }, 
            {
                -0.040300176, 0.08680342, -0.13904843, 0.023566479, 0.10296215, -0.00064218737, 0.1425435, 0.08288563, 0.072053194, -0.11577952, -0.002741878, -0.02794337, 0.09621011, 0.09505565, -0.00089388713, 0.035171017, -0.056115575, 0.029986965, -0.015697952, -0.02405147, -0.011019106, -0.05242777, -0.06730624, 0.04411956, -0.14939472, -0.016215246, 0.001391905, 0.033911932, -0.024728345, 0.051877752, -0.028194332, 0.06335234
            }, 
            {
                0.051686436, -0.0046285065, -0.0076638055, 0.044237316, 0.08834586, 0.05974161, 0.10163663, -0.073827095, 0.01858303, 0.059659988, -0.169096, -0.109712176, 0.07011714, 0.04326111, 0.020369418, -0.0061204857, -0.02558141, 0.0046545793, 0.13865344, -0.04427932, -0.13810898, -0.0047911317, -0.052540716, 0.019521024, -0.056033548, -0.11361219, -0.004034956, -0.029776638, -0.11791843, -0.07867066, 0.103618346, -0.2078158
            }, 
            {
                0.020497069, -0.039083853, 0.07123406, -0.008010656, 0.00017403631, -0.09259364, -0.09154817, -0.043072626, -0.033378243, -0.016561499, 0.07090642, 0.09791103, 0.15868606, -0.04256918, -0.065165095, -0.099082194, -0.019791, -0.031050047, -0.119239055, -0.04370883, 0.02883282, -0.047676522, -0.0072769965, 0.10151461, 0.05684547, 0.070785336, -0.17466617, -0.101614125, 0.03123907, 0.08086746, 0.024732364, -0.113856725
            }, 
            {
                -0.1517734, -0.090006985, 0.037577327, 0.000528125, -0.08678324, -0.112184726, 0.0067761117, -0.11596007, -0.20433082, -0.07665237, -0.008865564, -0.040275186, 0.010289053, 0.009010734, 0.058010574, 0.08270688, -0.11829145, -0.18400313, -0.08078788, -0.12389908, -0.050129104, -0.055203747, -0.02347395, 0.083845764, -0.12855671, -0.005962168, -0.0062357, 0.01132166, 0.045898918, -0.10793761, 0.03085457, -0.17850372
            }, 
            {
                -0.06879414, 0.013406931, -0.04260481, 0.028896442, 0.043572422, 0.022788454, -0.08913126, -0.105363406, -0.01847489, 0.03833526, -0.03949861, -0.041310567, 0.04350863, -0.0010050606, -0.045378312, 0.06324895, -0.11201623, -0.16605575, -0.06465076, -0.030000217, -0.12692177, -0.035127725, -0.07589112, 0.10344119, 0.08954557, -0.027438113, 0.0024738295, -0.048762303, 0.015169898, -0.020099565, -0.0068986122, -0.13705598
            }, 
            {
                0.070712134, 0.059358027, -0.046344683, 0.009020282, 0.027554834, -0.052361406, 0.072763495, 0.06568239, -0.078472994, -0.07663542, 0.020043889, 0.017450092, 0.057324845, 0.07721222, -0.03997662, -0.16078673, -0.052913982, -0.039232485, 0.016187843, -0.04720877, 0.030298656, -0.08891487, -0.0894307, -0.055028215, -0.069632314, -0.16230512, -0.01122011, -0.0808215, -0.13129362, -0.041587945, 0.0562712, 0.09586344
            }, 
            {
                -0.12607813, 0.05211465, -0.12807257, -0.10786115, 0.0428935, -0.09578722, -0.048893314, 0.09794168, -0.05565802, -0.08078916, -0.067413054, -0.12262117, 0.01049698, -0.032763768, -0.10774781, -0.02271131, -0.052888937, 0.005814122, 0.04802908, -0.13848674, -0.14784873, 0.065623455, -0.050366364, 0.065302104, -0.08057631, -0.057208657, -0.035000067, 0.050236054, -0.09338391, -0.086688355, 0.057134356, -0.03010478
            }, 
            {
                0.0003321304, -0.008165374, 0.065582186, 0.026143838, 0.02700854, 0.028590003, 0.044706527, -0.046672728, -0.028411586, 0.05727272, -0.08028887, -0.024181284, 0.11463428, 0.044408962, 0.016686093, 0.022776462, -0.07901172, 0.04307737, 0.038648754, -0.13191906, -0.09234272, 0.09102692, 0.008958516, -0.056873806, -0.13871562, -0.045488015, -0.059142362, -0.0025855463, 0.041731335, 0.108261116, -0.06456298, -0.053370796
            }, 
            {
                -0.04913926, -0.0037444802, -0.12300793, 0.08025088, -0.14291136, -0.15194829, -0.0026247231, 0.022265555, -0.011347739, 0.047156926, 0.091302305, -0.048887976, -0.067280605, 0.06522943, 0.06364567, 0.084135875, 0.023070743, 0.093864806, -0.04087346, -0.15683733, -0.0020763446, -0.029667504, 0.080628574, 0.026220286, -0.14157706, 0.01547219, -0.016393708, 0.032520443, -0.048445143, -0.060307723, 0.060966603, -0.011027717
            }
        }, 
        {
            {
                -0.029482873, -0.1436574, -0.029614104, -0.05908678, 0.055258542, 0.11133699, -0.1434889, -0.042325962, 0.022173338, -0.1492782, -0.06750805, -0.0007157349, -0.13743936, -0.11620161, -0.2301927, 0.030094633, -0.057131898, -0.09239908, 0.0018399651, -0.046823274, 0.0980145, -0.14134556, -0.13800797, -0.069428444, 0.048828308, -0.08199263, 0.019937992, -0.037988227, 0.0690112, 0.10716471, -0.07190101, -0.06494707
            }, 
            {
                -0.0070130434, 0.0034708758, 0.014465503, -0.0016647236, 0.0696471, -0.10012163, 0.0056657186, -0.011820503, -0.08249141, -0.08712986, 0.018390372, 0.011865701, -0.02411398, 0.103077814, -0.10870878, -0.019638536, 0.044686105, -0.10224262, 0.05936706, -0.02176122, 0.12277122, -0.13984844, 0.057054535, 0.03184608, 0.020191247, -0.03383624, -0.14014247, 0.014085723, 0.0086132595, 0.13651524, 0.047936466, -0.08575591
            }, 
            {
                -0.08474865, -0.08362552, -0.068375155, 0.045489736, -0.026817745, -0.10960056, -0.11262919, -0.034420308, 0.02517343, -0.02771199, -0.04365842, -0.15080746, 0.10693529, -0.16078772, -0.06773218, -0.12882206, -0.035481565, 0.05841655, -0.06935121, -0.11102863, -0.09747068, -0.07015866, 0.017093126, 0.041627888, 0.011353898, 0.035491046, 0.0066093514, -0.024318928, 0.025191613, -0.13648213, -0.049391147, 0.09099271
            }, 
            {
                0.04466882, 0.03164676, -0.11696675, -0.100468285, 0.097114675, 0.003951619, 0.012122479, -0.025930207, 0.032220963, 0.097496875, -0.048749268, -0.015623936, 0.092650786, 0.08482834, 0.006508789, 0.0034150146, 0.059688263, -0.010770735, 0.004382615, -0.06824777, 0.087324366, -0.06526595, -0.09579659, 0.12001833, -0.13701004, -0.047012188, -0.15067235, 0.12617545, 0.05549123, -0.08881966, 0.002513478, 0.010662386
            }, 
            {
                -0.15846463, -0.09246016, -0.054832578, -0.13608944, -0.08783084, 0.011701558, -0.0030322778, -0.11945494, 0.021066958, -0.0668558, 0.011609071, -0.13965279, 0.017606897, -0.086748436, 0.0561652, 0.008222789, -0.033373445, 0.017784687, 0.013655459, -0.1082415, 0.060185984, -0.012732417, 0.067738, -0.013014338, -0.092117, 0.005934869, 0.1304576, -0.068001494, 0.07411801, -0.08041659, -0.03854643, 0.01246448
            }, 
            {
                0.036095, 0.05208972, -0.002518534, -0.12527226, -0.07665844, -0.16471882, -0.07623612, 0.072612464, 0.08407736, 0.033264205, 0.08289667, -0.018495478, -0.120279945, -0.13245584, 0.06897659, -0.13607062, -0.073850386, -0.080983646, -0.10285378, 0.031505957, -0.19825268, -0.04177931, -0.12643266, -0.061237756, -0.064021036, -0.115103476, -0.082798675, -0.04589256, -0.06892075, -0.08835851, -0.03573577, -0.08670608
            }, 
            {
                -0.11719436, -0.039261993, -0.13355073, -0.13108815, -0.078364566, -0.100748755, 0.06288227, -0.017198114, -0.078217395, 0.027659848, 0.010942097, -0.07630487, -0.06751448, -0.07410983, -0.09545343, 0.10271983, -0.101100646, -0.10903348, 0.12650973, -0.087598324, -0.12691173, -0.12426446, 0.026962599, -0.043045353, -0.0437417, 0.012727821, -0.031787053, -0.07906972, -0.24671063, 0.069056034, 0.009409468, -0.13325056
            }, 
            {
                0.0610573, -0.15178028, 0.06771906, 0.035170894, -0.05705257, 0.048832916, 0.040524602, 0.0324156, -0.07260455, -0.08216295, 0.045406107, -0.070477724, -0.0054279934, 0.006108686, -0.107454285, -0.13282956, -0.07728504, -0.039797142, -0.111107506, -0.005506318, 0.03922043, -0.09795957, -0.17975704, 0.011613941, -0.02348892, -0.054255407, 0.06758328, -0.04109017, 0.021888869, -0.07310908, 0.12123746, -0.06393976
            }, 
            {
                -0.014262975, 0.01776154, -0.104838215, 0.073693834, -0.030289827, 0.10669623, 0.03141164, -0.12036163, -0.029563695, -0.018937979, -0.13294896, 0.055186037, 0.013819382, -0.034615286, -0.12786712, -0.030402571, 0.05541088, 0.03490032, 0.028140558, 0.024744425, 0.051073894, 0.047543418, -0.2098102, 0.048263118, 0.01970008, -0.0022994697, -0.032091882, -0.05426584, 0.02152784, -0.04706108, -0.03314941, -0.058527794
            }, 
            {
                -0.06996685, 0.046624344, 0.008280281, -0.11944633, -0.006590583, -0.044253632, -0.0028272304, -0.019502021, 0.097962774, -0.06928308, -0.0066421935, -0.0011368722, -0.02913799, 0.013564185, -0.020055186, -0.031016381, 0.050843086, -0.087573096, -0.088542864, -0.010900954, -0.03952114, 0.11037014, -0.17682695, 0.04468028, 0.033706114, 0.034436356, -0.042606458, -0.025324866, -0.021425597, 0.029675584, 0.041275997, -0.14200407
            }, 
            {
                0.037958026, -0.028922126, -0.100826316, -0.10926358, -0.18406816, -0.11253087, -0.04481543, -0.06916121, -0.15880845, 0.07001745, -0.00029189806, 0.020981666, 0.006634309, 0.0065429313, 0.06965246, 0.016044443, -0.006859233, 0.031441882, -0.10127065, -0.00095941685, -0.16291371, -0.06672097, -0.16608149, 0.11300202, 0.053281575, 0.087192126, 0.05598792, 0.007770325, 0.12252443, 0.038768847, -0.11475641, 0.031759687
            }, 
            {
                0.020887243, 0.016030978, -0.102375425, -0.15395394, -0.060709976, 0.023191147, 0.11375689, -0.028292852, -0.01803082, -0.07518701, 0.066920534, -0.12118412, -0.015737742, -0.15935081, -0.1602933, 0.03056917, -0.16017464, -0.08703358, 0.045202028, 0.015767755, -0.074701205, -0.084058106, -0.18503834, 0.018668683, 0.043479223, 0.061853077, 0.098421074, -0.009744562, -0.00021074829, -0.059585635, 0.054041356, 0.033445403
            }, 
            {
                0.015257648, -0.009197198, 0.03953147, 0.054332256, -0.11352638, -0.09999644, 0.078033544, 0.10272324, -0.06691949, -0.01247301, 0.07273078, 0.050964464, -0.13260637, -0.09938148, -0.005284291, 0.06456029, -0.006597383, -0.117189966, 0.020495359, -0.0084122075, -0.12213974, -0.024856173, -0.14029963, -0.02157667, 0.10145484, -0.053036902, 0.058979478, -0.115248516, -0.0681173, 0.07666754, 0.028423168, -0.023078222
            }, 
            {
                -0.11513089, -0.11216368, -0.01850933, 0.06190932, 0.07699524, -0.062336188, -0.09248093, 0.07484248, -0.07888868, 0.002615531, -0.037797816, -0.009530919, 0.0038998674, -0.06655174, 0.00018756301, -0.07515714, -0.14178729, 0.04123367, -0.15783225, 0.0003009361, -0.10362644, 0.039306138, -0.066718005, -0.060576927, -0.077934794, -0.14950193, -0.016542831, 0.0036576616, -0.0060540684, 0.08291318, -0.036487408, -0.08540732
            }, 
            {
                0.014456933, 0.079119354, -0.0013528035, -0.053517584, 0.082456134, -0.006617504, -0.04181769, -0.03871532, 0.03924064, 0.026940608, -0.011968431, 0.025758337, -0.0032034449, 0.08335813, -0.032698866, -0.123894185, -0.06237891, -0.029830439, -0.06041235, 0.033896673, 0.01892417, 0.05561985, -0.22974284, 0.0697439, 0.027762167, -0.07013738, 0.0015344622, 0.01340078, -0.048613243, -0.02097049, 0.018532937, 0.055195402
            }, 
            {
                -0.11788105, 0.01754673, -0.08529569, -0.11249239, -0.009424531, -0.06142792, 0.08841029, 0.0031044714, -0.049243946, -0.08518289, -0.036938, 0.0014164891, 0.012658236, -0.07828183, 0.070006795, 0.06951682, -0.020018654, -0.0031052495, 0.031894505, 0.033872947, -0.115028836, -0.063795835, -0.10343692, 0.043676358, -0.04826387, -0.0060579143, 0.12063198, -0.017601706, 0.06098584, -0.0042276755, 0.11986668, -0.039641842
            }
        }
    }
};