double darknet_l0_conv2d_weights[3][3][1][16] = {
    {
        {
            {
                0.061201055, -0.051515736, 0.09146743, -0.04837096, 0.07915422, -0.010028973, -0.025236942, -0.13777655, -0.21229781, 0.016460514, -0.11405845, -0.03671721, -0.09439285, -0.056422956, 0.030410124, -0.20881304
            }
        }, 
        {
            {
                -0.068437144, -0.14502361, 0.034738924, 0.033252195, -0.06454081, 0.076039836, 0.07445497, -0.19904618, -0.07758151, 0.014765675, -0.05882706, -0.07847983, 0.001277407, 0.024256993, -0.14978075, -0.07648745
            }
        }, 
        {
            {
                -0.080157936, 0.015179167, -0.17287888, -0.013777317, 0.036696777, 0.046964224, 0.14233081, 0.030694215, -0.017508721, 0.05309316, -0.2148976, 0.032989353, 0.049365386, 0.04839678, -0.0832125, 0.0880405
            }
        }
    }, 
    {
        {
            {
                -0.012304719, -0.11266378, -0.11085411, 0.011012833, -0.034063704, 0.08787271, -0.14126329, -0.039451227, -0.0011174193, -0.1374798, 0.07810895, -0.074181005, 0.12270241, 0.01324689, -0.13611084, 0.0038166407
            }
        }, 
        {
            {
                -0.11225566, 0.126748, -0.07986518, -0.14657141, -0.16166383, -0.12845945, 0.022646205, 0.01714808, -0.09911817, -0.06799192, 0.01833535, -0.09814737, 0.042782575, 0.04295227, 0.089593075, -0.085974716
            }
        }, 
        {
            {
                -0.013838068, -0.096226916, -0.036727656, -0.027477855, 0.11133581, -0.0070414897, -0.109075576, 0.03416998, -0.08530904, 0.06323701, -0.080924325, -0.2349561, 0.024148883, -0.09822284, 0.052536525, 0.068868734
            }
        }
    }, 
    {
        {
            {
                -0.16562496, -0.026156066, -0.006138415, -0.1301866, -0.21103115, -0.06742459, -0.06601854, 0.038980123, -0.107398614, -0.10814681, -0.01369972, -0.03919075, -0.111471154, 0.067794204, -0.1286519, 0.0730395
            }
        }, 
        {
            {
                -0.07027922, -0.0040205335, 0.0015919373, 0.15037996, -0.14644565, 0.004712838, -0.1093137, -0.07869662, 0.044332318, 0.004906937, 0.11321395, 0.043370035, -0.03976901, 0.038461227, -0.060543265, -0.21750857
            }
        }, 
        {
            {
                0.082354486, -0.14993145, -0.05828544, -0.112730145, -0.0826428, 0.023003966, -0.20032632, -0.1650602, -0.10552089, 0.06695325, 0.0025375346, 0.0037449002, -0.11954669, -0.12597367, 0.0055974796, -0.18218982
            }
        }
    }
};